8
21
22
7
24
19
3
17
11
1
18
25
8
12
17
21
16
14
8
26
14
24
6
11
1
4
11
1
12
21
5
17
13
19
13
16
21
15
2
11
18
3
10
16
3
23
9
20
22
18
0
5
11
5
8
13
19
15
5
26
18
11
17
24
14
1
20
24
3
20
11
15
14
23
20
17
23
20
10
19
19
4
20
19
17
7
8
13
10
15
5
21
1
16
2
2
12
7
26
13
13
19
26
9
7
19
11
17
25
24
21
0
20
0
23
20
16
17
1
20
12
5
2
7
3
17
13
18
2
1
9
0
15
12
14
23
22
10
23
0
14
19
26
8
0
1
15
5
25
2
24
0
5
3
1
2
23
17
1
21
23
25
14
7
10
24
18
5
12
17
16
18
18
4
12
4
20
0
8
19
19
14
23
16
2
11
25
5
24
17
22
0
14
26
10
14
5
9
17
15
5
15
26
1
5
18
18
17
15
7
26
11
9
5
23
18
21
3
4
12
9
11
16
18
11
18
22
18
2
23
21
7
20
0
16
10
10
20
22
5
19
16
5
15
19
13
8
8
8
2
11
12
20
4
8
24
4
22
15
20
20
23
16
23
3
16
15
3
18
4
12
14
25
10
15
1
1
15
10
26
5
20
2
14
2
15
17
26
8
17
22
20
1
2
2
15
15
5
20
26
19
17
25
12
8
7
5
2
3
2
2
20
18
12
19
18
1
16
19
10
22
1
7
13
16
18
10
22
3
15
10
13
9
6
9
19
10
19
21
6
17
6
8
21
0
13
3
16
1
16
26
9
14
7
24
21
7
25
13
20
0
21
23
14
19
12
4
0
7
5
21
0
11
9
5
16
4
19
16
21
24
14
20
6
1
20
23
1
1
14
14
19
23
19
15
20
13
25
14
2
15
12
26
3
26
3
22
14
13
13
6
25
12
4
26
4
22
26
4
12
25
26
10
25
13
22
14
23
20
3
5
2
20
14
13
6
3
6
24
22
24
13
1
19
20
19
10
7
13
13
22
7
25
0
12
19
6
23
18
7
7
12
14
11
20
8
19
0
14
4
5
21
25
15
18
14
7
2
2
11
7
17
11
10
4
7
13
25
9
12
2
17
12
15
8
10
23
11
12
8
