23
0
17
8
11
8
22
16
21
19
25
5
2
19
20
14
20
5
2
16
9
21
18
9
22
9
3
17
12
2
12
5
22
23
19
7
4
18
6
10
2
26
24
2
14
20
23
8
2
7
5
6
14
18
11
21
12
23
4
22
20
5
24
7
11
18
14
0
12
8
14
19
3
10
20
14
9
4
18
17
20
3
3
12
22
13
18
13
4
1
23
10
14
4
21
0
19
21
6
7
6
21
9
17
3
16
3
13
9
22
0
8
8
7
9
26
15
8
10
0
5
25
26
24
25
24
10
24
4
12
7
1
19
19
9
18
15
18
10
9
1
25
6
6
11
20
16
23
23
0
8
17
1
15
23
18
1
24
13
2
0
15
1
13
12
7
23
4
25
25
1
24
15
18
10
25
8
26
20
21
21
13
0
25
22
4
15
7
25
9
17
12
7
24
16
7
3
1
20
11
3
25
11
0
18
20
18
15
24
21
22
10
18
17
8
2
21
19
14
12
16
25
11
10
7
0
21
15
8
11
17
3
14
20
16
4
12
16
7
17
21
16
8
6
9
4
4
22
22
7
1
1
1
11
0
4
18
6
3
11
12
10
3
5
5
11
21
12
7
12
22
1
22
16
18
6
6
16
1
7
20
22
20
12
15
22
8
21
3
18
16
25
1
11
3
13
6
21
25
11
24
0
21
9
12
26
16
1
16
20
8
7
22
6
11
13
0
24
25
11
2
10
10
9
12
23
4
21
9
23
1
7
9
2
13
22
13
5
4
26
7
23
26
11
9
11
5
26
20
19
4
23
11
15
6
11
20
2
1
0
15
8
18
13
10
26
24
10
0
22
12
2
2
16
11
11
2
7
2
7
18
1
9
4
12
25
19
14
7
2
10
14
4
3
11
19
12
9
4
1
6
18
12
20
10
15
22
25
15
11
15
8
16
12
6
3
5
23
8
6
1
4
6
24
19
10
20
19
6
14
26
26
15
6
7
1
21
13
5
17
4
0
25
20
3
17
15
21
11
13
23
11
17
22
7
7
7
21
0
2
7
2
9
11
4
14
2
25
21
5
18
14
8
21
26
26
11
8
25
8
20
26
1
12
18
8
14
3
1
0
3
24
23
1
8
2
0
9
14
10
