15
20
9
2
13
0
2
13
26
15
26
0
18
7
2
16
16
25
11
5
19
7
5
20
16
6
20
25
9
12
17
0
18
12
17
17
19
6
7
8
23
4
5
12
17
12
21
23
20
22
25
21
2
14
4
6
26
18
22
16
24
8
20
4
12
22
17
1
21
20
15
22
22
7
26
15
15
7
5
10
0
13
6
20
14
9
8
7
8
11
1
9
13
15
3
2
0
3
12
22
18
18
7
12
7
5
16
8
10
24
3
19
16
3
0
25
17
15
24
10
0
22
1
25
2
1
7
16
2
26
23
16
23
4
1
8
6
13
13
26
8
7
11
10
22
11
21
0
8
7
11
24
7
5
22
25
24
9
16
0
4
23
5
7
6
5
15
12
4
21
13
6
1
16
1
13
25
21
19
5
15
8
19
5
1
5
0
14
17
12
1
23
25
11
21
4
22
18
14
4
11
4
15
25
14
3
21
20
10
9
1
15
2
3
9
17
8
3
24
17
1
17
24
26
16
5
7
0
23
23
12
23
3
26
18
25
17
24
23
2
21
6
6
6
3
24
6
7
6
21
10
15
20
22
8
4
7
0
1
26
14
18
4
10
24
10
12
5
0
16
12
4
25
10
16
8
23
3
14
5
13
18
3
8
25
5
20
22
2
5
13
24
23
21
18
9
7
1
21
22
9
15
16
11
1
6
13
20
10
25
3
0
8
25
3
16
22
10
1
20
16
1
4
15
16
23
1
17
2
8
0
17
25
20
22
15
23
3
6
19
15
19
10
25
6
19
7
16
17
20
8
7
4
14
21
7
8
25
26
23
18
11
1
4
8
26
12
23
18
1
18
3
14
17
26
20
24
18
16
1
1
18
17
13
21
4
8
21
7
13
26
10
26
2
13
16
15
26
26
14
19
25
1
13
5
17
15
24
9
23
9
7
11
5
20
13
19
17
23
16
11
21
1
13
20
13
3
9
24
12
18
25
15
2
1
25
9
9
2
5
19
5
25
2
7
10
10
5
1
22
19
10
4
22
15
23
3
22
8
12
0
15
13
14
23
7
13
15
6
26
17
3
3
1
26
0
12
2
26
13
2
5
25
11
9
11
15
1
9
10
24
23
14
22
10
16
17
26
17
16
