21
2
5
24
2
15
16
10
19
5
26
21
6
6
6
20
21
13
5
9
9
18
6
25
22
0
24
4
9
8
16
13
15
17
7
21
18
16
23
1
14
7
10
0
2
18
15
21
19
5
6
8
3
14
12
15
16
22
3
25
9
23
26
4
21
17
18
8
4
14
22
20
2
25
2
24
14
3
17
23
26
18
26
19
7
2
19
12
21
8
16
2
6
3
24
15
15
7
3
19
22
5
24
19
26
26
14
25
2
26
15
16
5
24
0
13
21
8
14
22
16
21
18
25
6
9
26
17
3
17
17
6
10
4
21
13
1
13
5
12
6
3
1
10
23
15
1
13
26
16
23
13
2
9
24
4
15
25
0
2
20
13
13
25
5
17
22
1
6
10
3
17
20
15
8
4
3
20
23
21
23
11
7
12
9
23
18
15
10
10
13
5
9
9
22
12
19
8
14
7
17
21
20
5
24
11
24
10
4
5
18
19
26
26
12
23
22
25
15
6
22
2
0
13
18
24
21
17
18
15
4
19
1
24
10
2
8
20
11
10
14
3
14
15
18
2
9
14
8
17
24
1
17
5
8
18
10
12
4
1
12
4
19
3
24
22
4
4
21
9
9
19
18
6
5
7
17
0
15
19
1
8
9
3
11
10
21
5
1
22
5
7
12
7
1
6
7
4
5
17
17
8
3
26
0
3
11
16
20
24
19
14
19
1
22
25
14
10
16
2
22
23
3
24
22
23
19
5
8
17
17
18
26
23
11
14
7
13
19
1
9
1
8
24
2
2
15
22
15
4
1
23
1
17
1
1
2
18
9
7
9
25
14
25
25
24
14
18
17
26
5
6
22
16
9
25
26
4
10
23
26
16
4
5
16
11
1
9
18
22
18
3
15
24
20
19
9
20
21
7
18
2
2
14
8
21
21
7
14
20
21
16
15
20
13
22
24
12
3
4
16
21
8
11
15
10
18
5
14
4
19
21
14
9
23
13
6
14
24
24
6
1
24
26
4
12
19
21
19
17
14
25
13
2
13
13
14
0
3
0
0
25
7
11
17
6
16
5
15
24
5
26
14
21
12
7
9
22
16
6
10
19
7
17
18
8
10
12
4
15
1
11
9
2
6
21
0
21
7
11
