8
6
13
0
0
5
26
5
5
21
0
24
16
7
10
9
26
17
24
0
19
25
14
16
21
17
19
1
12
6
15
8
4
17
9
12
0
25
15
6
16
21
10
1
10
23
7
19
24
12
9
19
20
16
10
17
5
24
2
14
26
10
19
11
20
7
8
9
0
13
24
21
7
24
9
25
11
24
2
16
16
18
9
22
4
3
6
14
9
17
21
1
5
0
22
24
11
11
17
25
24
0
17
12
17
16
13
8
12
4
20
4
13
12
4
17
8
16
9
9
16
6
2
0
0
25
5
5
18
13
18
23
21
15
20
19
15
10
19
13
13
26
5
12
11
26
24
12
25
7
23
4
19
16
4
11
21
4
12
19
12
3
4
21
2
16
11
7
8
16
15
20
20
14
20
22
8
1
26
19
9
12
5
0
6
16
2
16
3
15
14
4
14
3
12
9
22
6
14
3
17
16
17
17
16
18
20
17
22
16
13
4
16
6
3
6
0
15
0
4
7
24
3
26
20
25
3
9
23
20
17
2
16
25
12
16
24
8
15
8
23
3
0
9
17
7
2
5
13
18
5
13
18
11
7
24
9
12
16
3
10
7
4
15
11
2
24
10
8
8
4
26
20
14
9
6
20
0
23
25
16
24
23
16
14
20
22
8
20
11
23
12
3
3
3
4
2
24
23
19
15
11
9
16
20
2
4
20
24
18
23
7
16
21
25
1
7
21
16
16
4
4
17
11
16
2
15
8
15
13
13
13
5
0
8
14
0
0
2
6
14
8
6
26
6
20
16
21
12
24
2
4
6
20
4
19
14
13
6
21
14
23
10
5
25
6
1
25
23
5
22
14
25
1
10
4
7
4
8
8
4
12
21
3
5
26
5
12
7
12
25
7
7
15
3
9
3
9
19
12
25
10
9
3
9
13
11
22
3
12
21
15
22
21
14
22
22
18
13
2
23
13
26
24
2
14
14
17
11
0
6
24
1
24
3
8
5
22
7
16
7
17
4
16
24
20
12
26
14
4
15
14
6
9
25
14
4
24
2
22
22
14
12
3
8
22
0
3
3
14
15
26
5
3
20
7
26
24
19
9
23
22
24
20
18
22
26
18
12
7
26
14
11
8
5
26
3
20
7
8
