21
8
24
25
13
16
3
0
7
14
20
11
15
6
22
3
20
19
23
15
2
6
7
11
16
0
16
5
15
19
4
25
2
0
15
23
5
25
15
23
10
7
6
25
2
2
5
14
11
8
12
3
11
24
2
8
18
1
18
13
15
15
12
12
14
13
10
20
15
23
25
12
8
16
0
5
11
0
6
4
2
16
20
7
24
23
24
12
16
4
5
16
26
0
11
15
7
2
25
22
20
3
24
3
9
9
14
9
26
18
19
13
7
4
0
23
2
0
15
17
22
8
16
17
13
16
1
13
10
7
17
25
7
1
14
1
16
20
26
20
18
24
8
22
3
3
22
17
21
21
1
11
16
3
21
25
2
17
13
20
10
20
11
20
26
17
6
20
25
3
17
9
10
25
17
25
18
15
11
26
25
24
14
26
3
10
20
20
18
8
13
2
15
9
12
17
25
20
17
22
1
20
3
13
16
14
9
18
4
9
18
11
7
0
26
9
3
13
24
25
15
0
3
5
5
15
8
3
16
17
14
15
7
21
0
4
23
23
19
3
10
12
24
24
9
20
2
9
0
25
4
3
22
20
12
18
25
23
4
7
2
6
15
21
1
25
20
10
0
7
26
11
1
1
22
6
4
25
5
18
5
13
25
15
3
0
6
12
4
7
11
7
13
17
20
13
10
23
1
22
15
12
6
19
15
19
23
26
9
1
14
3
11
7
1
5
9
21
14
17
8
4
2
0
7
15
1
25
22
4
20
17
18
1
23
20
8
17
1
6
8
13
14
3
3
9
9
26
6
22
3
8
18
2
12
11
17
15
10
6
2
13
2
3
5
22
17
16
2
6
14
23
4
1
16
7
7
8
15
14
21
26
20
13
9
25
7
10
4
26
8
19
3
19
24
2
19
14
10
4
10
24
13
5
7
13
25
15
16
20
21
11
1
4
14
20
24
16
16
15
11
6
21
23
13
16
6
0
26
26
25
21
25
5
16
13
13
11
5
25
18
15
18
20
5
18
15
3
15
0
16
2
17
21
9
2
6
23
9
10
6
4
11
19
3
4
23
8
21
1
11
26
3
25
22
10
16
4
8
18
12
5
3
16
14
15
10
17
18
0
22
18
8
20
24
2
24
10
23
13
