4
24
7
12
20
9
13
24
16
7
11
20
7
26
1
26
20
11
15
23
10
9
11
3
5
7
7
12
8
20
10
7
13
8
0
23
18
5
12
1
23
11
9
12
7
8
25
19
11
3
22
14
16
14
14
17
3
21
8
12
20
11
1
19
7
20
21
6
26
12
19
9
2
11
11
6
2
11
6
25
13
26
23
20
10
14
26
9
11
6
23
9
10
17
9
24
7
16
10
10
4
9
12
22
23
5
14
0
20
17
3
2
26
2
13
12
10
6
13
5
8
20
1
20
0
2
14
6
5
26
15
4
8
20
5
16
19
18
5
4
24
15
9
4
13
3
20
18
10
0
11
4
0
5
20
12
19
7
8
25
22
8
24
25
12
1
4
6
9
1
6
24
26
25
8
0
19
7
16
3
1
22
2
22
8
24
15
7
15
9
20
17
17
20
15
0
25
21
24
2
5
8
23
19
18
9
9
20
5
5
3
15
18
3
22
4
3
2
15
10
20
11
18
11
20
17
26
6
19
21
11
16
21
19
18
12
22
15
20
15
10
23
4
16
18
24
16
6
0
8
16
17
3
22
11
9
26
0
24
19
22
16
4
19
25
24
24
7
0
22
25
16
25
18
21
22
1
22
8
18
13
19
23
7
8
26
21
16
15
11
8
9
11
24
23
9
11
0
15
3
11
17
8
4
9
18
6
16
21
13
9
24
9
25
21
9
0
11
7
22
2
12
13
25
17
5
19
18
11
21
15
14
7
18
0
1
20
18
24
4
2
6
6
16
25
14
6
22
2
5
1
12
3
21
21
19
22
13
19
9
11
4
17
6
25
15
2
22
12
8
9
21
17
24
12
7
25
7
14
12
23
7
6
3
21
20
4
5
21
26
19
10
6
11
1
9
24
10
3
20
19
18
17
3
20
12
2
22
21
9
2
26
0
10
16
15
15
17
24
26
0
3
5
3
4
23
11
23
13
3
5
14
3
7
8
10
7
1
12
12
1
4
3
14
12
20
4
7
23
9
2
12
6
12
7
21
2
9
9
3
19
17
26
25
15
23
18
15
15
8
1
23
24
18
14
16
15
23
21
18
26
23
11
14
1
19
22
6
24
20
0
11
16
11
17
2
21
9
8
16
