5
4
18
26
18
14
23
5
5
7
26
9
25
20
24
14
19
0
14
19
8
17
20
26
14
23
16
6
25
23
8
15
3
4
5
17
0
18
26
23
15
0
1
3
7
26
12
17
11
9
8
0
4
20
22
3
25
9
14
22
2
2
18
13
0
14
6
12
6
21
26
2
18
9
12
2
23
17
15
24
14
11
26
5
10
16
19
0
26
20
9
4
11
18
11
8
17
4
13
18
25
19
20
25
3
19
5
17
21
12
7
2
12
0
14
3
13
8
0
20
10
20
6
0
16
19
7
3
7
18
16
9
15
25
8
4
25
5
24
26
17
22
25
21
12
11
7
8
18
10
16
20
25
0
15
10
0
11
16
11
3
5
25
8
7
6
18
16
22
19
17
17
24
17
5
4
18
13
17
2
25
6
20
10
26
9
4
15
26
8
15
11
21
22
13
22
26
6
22
19
12
4
25
10
5
4
22
0
11
19
15
7
16
21
0
1
22
23
1
26
24
7
20
0
2
8
3
25
9
7
13
24
3
0
13
13
24
23
11
4
3
22
7
9
26
24
23
26
15
9
14
4
25
14
4
12
20
4
25
25
8
19
14
11
1
15
14
13
3
24
12
0
14
15
1
15
19
3
2
16
5
7
16
8
14
0
3
5
5
12
21
5
5
14
0
11
1
15
17
23
8
12
12
18
24
12
2
3
23
14
5
1
17
26
13
8
9
8
8
12
0
17
26
26
8
8
4
11
24
14
23
4
13
5
4
25
0
0
14
7
21
2
22
3
10
0
3
1
26
4
14
24
3
6
24
12
5
4
23
23
10
3
23
4
18
26
12
6
22
12
22
18
25
7
9
14
4
24
5
11
26
11
20
19
18
18
15
25
26
24
2
12
8
20
14
18
25
7
8
0
10
12
4
15
14
3
1
26
4
5
21
21
14
11
4
5
17
22
0
22
9
11
23
15
16
1
14
8
24
9
11
4
1
4
11
7
22
20
24
12
2
0
13
7
25
10
26
3
12
1
8
16
21
24
11
0
16
10
11
22
22
0
18
24
13
23
17
19
21
2
9
19
19
7
11
1
23
17
21
11
1
23
25
24
22
15
18
25
8
2
26
13
14
6
23
8
7
20
2
13
