5
11
23
4
12
2
15
1
7
0
24
15
6
19
22
1
11
18
6
7
6
19
9
21
8
0
6
25
11
13
21
26
23
14
23
5
26
21
2
16
21
14
6
14
13
24
10
21
4
24
24
1
6
23
12
24
4
14
4
10
25
9
2
26
21
8
10
4
18
19
11
2
15
16
1
14
10
21
10
20
19
14
13
5
4
6
14
8
20
2
15
23
24
10
4
12
18
26
0
16
4
6
24
18
6
7
13
16
17
3
21
24
24
18
7
23
24
3
13
14
22
23
6
3
9
20
4
20
22
14
11
22
14
4
21
5
1
9
10
21
8
8
22
6
24
5
3
0
23
10
18
23
12
16
18
24
24
13
19
22
23
21
4
14
21
18
8
26
5
21
8
4
1
13
15
9
0
1
23
12
2
26
26
19
19
6
24
21
9
6
24
0
18
25
18
4
1
8
10
2
9
21
10
24
8
15
24
9
4
22
10
0
22
19
13
18
7
22
24
15
13
3
3
11
12
1
1
23
2
10
22
20
6
4
10
24
5
26
10
20
13
23
23
14
0
24
23
3
8
0
17
26
25
12
12
26
12
15
10
24
1
26
10
22
23
19
19
14
23
17
10
10
8
10
3
0
16
20
5
17
22
16
21
23
5
15
0
21
13
23
9
22
18
10
22
13
20
25
22
23
16
16
13
2
21
14
3
10
23
17
16
18
3
22
3
16
7
10
17
24
2
21
16
15
3
6
25
15
9
5
10
8
25
9
5
4
23
21
25
25
1
8
15
7
8
1
1
18
12
2
17
3
9
19
6
6
4
15
7
21
24
13
20
8
3
5
6
23
17
19
1
4
17
7
7
7
25
13
18
26
18
5
7
16
23
10
6
23
25
4
22
24
5
15
17
25
16
24
5
11
25
6
11
18
15
14
1
22
2
2
12
5
11
7
24
25
7
17
3
5
24
0
3
4
24
18
21
2
24
24
11
15
1
22
20
25
14
18
24
9
5
15
6
1
6
11
25
10
24
5
7
18
19
12
24
9
21
1
4
6
0
6
24
8
10
24
19
23
18
23
7
16
25
1
6
2
10
15
10
23
18
11
11
20
25
0
4
13
17
18
11
8
18
22
3
21
4
11
2
16
