10
14
9
20
14
10
5
21
8
6
8
10
19
26
18
7
26
9
24
0
19
5
6
10
12
21
2
19
1
4
11
15
6
5
13
9
14
21
9
15
26
5
21
12
22
20
14
26
18
7
19
19
3
19
15
19
12
4
10
12
26
0
14
9
22
10
24
1
24
21
5
25
26
15
4
14
22
4
25
17
19
25
25
24
0
26
12
19
8
13
6
14
13
20
5
0
9
24
23
10
20
21
0
2
3
23
22
11
8
15
22
5
0
24
15
0
14
20
6
15
9
0
21
14
6
11
8
17
11
6
10
7
5
7
26
17
24
5
9
21
4
11
21
14
10
6
6
17
1
19
3
0
10
10
10
5
21
6
9
2
15
10
17
10
1
26
9
24
26
15
17
9
19
24
5
5
3
19
20
16
13
26
3
1
14
9
10
23
9
16
24
13
22
21
20
0
5
10
3
17
25
6
25
6
8
2
12
4
10
17
0
15
6
12
18
10
4
18
19
15
14
7
10
21
21
20
17
25
2
16
8
18
15
4
26
0
0
7
12
19
13
17
18
10
18
23
13
3
23
19
14
5
20
3
10
2
13
3
21
7
22
6
26
7
6
0
26
10
25
17
21
9
4
3
12
23
8
22
22
12
17
4
0
18
7
26
10
9
5
6
19
17
3
12
7
7
5
14
25
3
21
5
16
26
12
18
17
10
18
6
15
12
20
2
0
6
4
8
14
7
15
21
6
10
25
1
0
26
15
4
12
19
14
26
18
21
14
4
12
25
9
11
10
6
3
14
6
4
19
8
14
20
11
6
17
2
9
0
5
4
12
16
18
14
1
18
18
23
18
4
8
25
14
11
23
16
17
16
18
10
16
16
25
1
9
21
2
26
2
24
14
21
17
20
25
22
5
10
4
24
23
3
13
6
1
1
5
20
7
7
17
17
7
12
0
13
26
9
21
26
10
23
15
0
12
24
16
4
4
26
2
6
9
14
4
21
12
13
8
4
4
19
14
7
5
22
0
11
16
19
9
3
5
2
8
6
16
23
8
3
15
0
5
0
1
5
24
16
9
9
11
25
1
9
13
14
24
7
25
17
1
16
2
16
18
15
18
2
18
9
20
10
21
3
15
16
3
9
23
1
