16
2
6
8
15
24
25
0
23
8
4
16
26
9
0
11
12
22
23
9
11
6
21
5
25
19
20
2
1
12
4
20
12
6
3
10
0
3
16
14
12
18
22
7
12
14
23
5
7
21
10
5
4
17
13
4
6
15
15
20
10
25
10
1
14
19
12
23
13
22
23
17
15
18
25
12
17
24
8
14
14
14
15
4
25
22
19
0
16
13
13
14
1
2
24
16
5
15
16
26
13
9
21
5
22
25
17
7
25
9
25
8
15
18
12
0
26
2
21
2
16
7
4
14
26
17
15
10
21
5
25
24
11
22
8
1
24
22
14
2
14
20
4
2
8
5
13
8
14
24
7
15
20
7
6
4
20
23
13
20
10
19
7
26
26
22
25
16
4
16
26
12
12
5
22
6
12
8
12
5
7
13
21
25
23
23
8
22
12
3
8
6
13
10
7
10
3
25
14
16
26
9
22
12
12
26
1
4
11
8
26
25
1
25
2
5
9
2
22
2
10
9
24
21
13
19
21
7
1
4
16
9
9
12
2
2
11
10
24
7
0
9
10
0
14
6
5
7
19
14
13
8
10
16
15
4
20
17
20
23
2
0
15
1
23
7
16
24
13
8
22
2
12
14
19
17
3
11
10
8
26
16
20
17
7
12
14
14
13
7
9
20
13
10
4
12
20
16
22
23
11
18
25
15
23
3
3
3
11
6
4
11
25
2
26
20
1
23
18
11
22
12
19
19
22
6
23
20
18
21
22
10
8
7
0
13
17
3
17
17
25
14
2
26
19
22
23
4
22
9
22
4
1
20
0
23
5
16
17
26
4
3
4
7
10
19
12
24
24
0
0
0
1
7
18
23
12
21
14
20
2
23
0
1
3
14
26
21
20
13
16
25
0
11
20
7
24
0
19
19
14
5
8
1
11
5
9
2
9
2
8
3
4
21
3
25
25
10
17
5
7
7
1
11
17
5
12
18
6
18
9
13
25
3
5
11
1
5
12
18
15
20
26
23
11
4
26
2
4
13
17
1
5
25
15
2
16
7
7
8
10
11
13
22
5
20
12
25
0
23
26
2
24
13
19
21
18
17
18
26
25
20
26
15
1
17
8
3
9
8
25
19
6
0
13
10
18
18
14
20
