14
4
0
10
23
16
16
20
11
18
20
3
24
6
10
3
17
23
1
3
8
4
13
22
2
4
4
5
7
11
24
22
18
14
26
21
24
6
25
13
14
5
6
11
3
15
25
25
19
11
11
20
21
11
13
19
23
3
16
23
20
13
9
7
0
5
4
21
0
7
4
16
3
1
7
22
15
13
18
19
25
5
11
7
24
11
1
24
24
26
17
10
11
25
0
21
23
20
11
7
4
0
0
19
20
17
15
13
14
24
13
0
23
8
25
0
18
2
8
26
25
13
10
9
8
21
1
21
11
15
7
10
11
15
26
0
4
16
14
15
4
6
10
4
11
7
11
23
25
20
4
12
14
13
22
8
19
11
14
24
12
26
8
11
20
20
15
6
8
1
4
12
7
21
15
23
24
12
24
0
6
11
5
25
21
12
25
1
5
16
7
3
6
8
20
22
23
21
22
22
0
25
1
0
9
20
19
12
17
7
7
13
20
25
25
15
17
19
9
5
8
16
0
7
20
17
25
19
18
8
23
16
26
8
20
21
9
17
17
9
24
12
25
0
25
9
21
19
2
2
7
17
11
0
6
14
10
16
20
8
24
23
10
22
15
3
9
13
18
23
2
0
0
18
8
7
15
14
24
10
20
7
23
14
0
6
5
18
24
5
10
0
19
25
9
11
7
23
26
18
23
11
12
19
26
3
16
6
2
4
14
0
9
19
15
23
14
14
13
0
10
17
6
18
15
0
6
14
21
5
10
20
14
11
6
10
11
0
14
19
20
14
17
14
17
15
13
1
8
4
8
20
1
20
22
6
5
22
25
3
25
5
19
17
26
0
15
6
10
4
0
18
11
12
26
10
26
10
15
9
2
8
26
4
13
23
10
17
26
4
10
6
14
21
19
15
16
11
2
22
17
17
2
24
25
1
20
14
16
7
4
7
25
14
5
11
15
2
11
16
3
13
18
3
9
5
20
3
14
10
18
17
2
16
1
24
11
17
6
20
5
9
8
17
3
1
3
8
12
16
11
21
6
23
11
11
0
26
13
21
20
12
1
2
8
22
2
2
16
25
23
6
21
13
22
18
26
24
24
15
10
17
13
17
18
1
1
7
15
7
25
17
0
21
11
6
7
24
6
6
