8
11
9
25
3
2
17
7
9
3
26
13
23
26
15
20
3
11
19
20
22
18
7
5
23
17
5
14
21
12
5
6
22
14
10
1
24
5
11
22
2
3
6
12
17
6
11
6
24
13
8
21
1
24
10
14
20
22
21
16
2
11
10
17
26
9
12
18
22
22
23
9
21
26
13
6
16
19
21
23
10
17
23
6
24
8
19
7
12
25
12
19
26
20
17
25
13
18
17
20
23
14
7
2
26
3
12
21
15
6
12
18
0
14
9
25
15
3
17
6
18
24
26
14
22
10
0
12
16
10
6
7
1
7
25
22
1
19
9
18
9
11
20
24
0
25
0
19
9
10
13
17
11
5
21
2
17
3
0
11
17
0
19
22
2
25
0
12
9
2
0
25
10
4
22
18
16
9
3
20
19
23
15
6
10
6
22
23
0
7
8
3
1
0
24
3
24
11
19
18
5
10
17
21
23
22
7
26
16
15
21
15
19
6
10
23
0
5
24
24
26
18
11
26
25
11
10
15
0
4
22
5
15
7
4
9
16
9
0
0
9
20
19
12
8
16
24
22
1
21
8
10
19
19
1
21
19
26
17
13
19
18
4
9
7
6
21
0
21
15
16
4
4
17
24
19
23
20
21
15
3
22
11
21
18
0
25
15
26
4
18
8
9
22
17
16
20
20
15
5
14
19
17
11
20
16
20
4
17
24
20
15
14
1
12
15
18
21
6
20
26
20
13
3
19
12
13
19
2
12
19
3
17
20
19
9
18
6
1
22
6
5
21
16
11
14
25
7
13
19
12
14
10
2
13
17
18
7
17
5
1
12
15
1
2
11
13
6
12
17
3
3
22
4
4
14
25
9
23
8
23
17
6
3
26
14
12
17
22
5
25
25
18
12
8
9
15
19
16
19
6
13
24
13
16
22
3
24
12
3
11
8
13
17
22
15
18
9
15
22
10
1
6
12
9
26
17
14
13
1
13
2
17
18
2
13
23
8
8
0
12
25
16
0
12
22
21
15
16
17
6
5
3
15
15
24
10
22
21
14
16
10
2
24
4
9
5
6
10
0
18
9
22
18
18
2
26
17
19
11
12
7
26
5
7
18
0
22
21
24
1
23
17
22
17
20
25
12
21
5
