16
21
21
11
15
21
21
5
18
7
11
22
2
6
24
13
19
23
8
15
23
20
15
17
20
16
13
20
25
9
18
20
1
15
21
14
0
23
16
18
9
13
15
16
6
14
24
2
19
20
10
6
13
17
12
26
3
17
9
19
2
14
5
1
16
10
19
16
14
5
20
3
11
26
17
15
26
26
10
16
19
7
21
5
25
13
8
20
6
18
0
26
19
3
23
0
15
12
22
10
26
12
21
19
16
0
17
22
1
11
11
21
14
10
5
14
11
0
3
20
9
16
26
5
20
1
2
11
24
23
6
19
9
13
2
6
9
18
3
3
18
20
15
9
9
11
3
12
19
18
12
16
9
14
26
13
3
6
3
3
22
18
13
23
8
1
16
22
20
4
20
0
15
16
4
10
9
17
8
14
15
8
19
26
3
22
23
4
14
11
8
4
24
6
20
22
14
7
0
3
18
24
11
6
11
22
13
16
1
7
2
4
13
3
5
1
17
18
15
10
6
2
12
2
25
23
4
1
2
26
9
18
2
19
2
8
4
17
18
1
17
6
0
8
2
11
8
16
15
5
2
20
15
4
14
2
24
19
26
5
2
7
21
5
20
17
20
23
18
15
8
1
16
22
9
22
2
15
16
24
6
18
17
6
19
8
5
15
7
21
1
22
5
14
4
22
21
3
8
7
22
6
20
15
2
20
10
5
6
16
2
25
6
18
14
9
6
10
10
19
3
23
25
2
17
22
14
14
4
11
1
15
19
26
7
2
19
6
7
1
7
17
5
14
22
21
26
9
14
5
8
11
26
6
6
16
17
0
14
13
3
11
16
17
22
17
21
1
2
23
9
13
9
16
17
15
18
16
22
1
2
5
14
19
22
21
10
26
14
15
5
8
4
5
9
16
8
1
21
0
5
3
20
2
26
1
22
4
6
15
24
19
23
25
16
12
19
18
21
12
13
2
10
7
19
10
0
8
9
0
11
20
0
3
0
24
14
5
26
22
15
21
24
26
12
13
25
4
16
23
23
25
25
22
3
6
14
11
14
11
5
9
3
2
21
22
19
4
25
6
24
7
24
26
8
20
0
26
9
17
0
15
0
2
26
15
12
16
9
12
9
4
24
0
8
14
24
22
3
3
