2
4
9
9
26
21
11
4
24
9
11
16
23
24
20
8
16
21
17
20
14
18
3
4
4
0
14
25
13
16
1
24
1
3
0
10
6
26
23
26
1
13
3
4
13
5
15
5
18
21
13
16
23
6
8
26
13
3
16
19
23
13
7
1
4
23
11
20
18
18
2
1
18
19
4
15
0
26
15
26
12
17
6
19
4
19
12
0
9
23
16
26
2
16
16
10
0
15
20
19
10
3
24
4
19
18
15
7
26
9
19
15
14
3
17
1
14
0
3
3
12
19
10
13
18
2
6
8
26
17
12
23
7
4
23
22
11
20
12
23
11
11
5
15
12
23
0
19
9
17
23
21
11
5
10
8
19
10
15
12
25
17
25
12
8
24
10
25
19
3
20
8
22
5
23
11
11
11
21
16
25
5
25
9
1
20
14
23
2
12
21
24
17
13
3
17
11
12
4
17
19
23
8
7
2
2
10
16
10
26
5
5
13
8
15
20
14
24
8
8
15
0
15
10
3
9
20
16
12
3
23
19
8
17
1
0
15
2
2
21
1
25
2
4
16
1
7
2
4
4
5
20
18
19
18
18
14
26
19
18
11
12
21
26
16
9
3
14
7
22
15
15
26
10
0
20
16
17
20
3
18
15
26
4
7
14
21
6
17
9
9
26
22
2
22
9
13
18
11
15
0
0
10
5
11
23
8
8
15
1
24
25
5
23
22
12
14
26
1
16
13
11
20
1
5
3
2
12
10
2
25
4
19
14
20
20
20
7
20
21
24
17
23
23
6
0
3
3
20
8
5
3
25
14
12
13
3
23
20
17
11
5
24
0
1
13
5
26
12
18
9
22
7
7
4
18
14
24
23
22
2
24
25
11
12
12
4
18
2
14
24
10
16
19
4
0
3
2
14
14
19
25
3
21
24
13
2
16
17
9
13
17
17
21
8
26
0
8
12
4
21
4
25
1
5
1
15
5
7
18
18
4
10
16
17
8
3
4
26
10
26
14
13
2
17
21
0
22
19
3
23
2
20
22
26
11
20
16
10
17
25
1
12
20
20
22
16
25
24
10
6
15
19
13
1
12
20
1
26
23
21
3
14
26
16
22
20
16
20
21
15
12
23
21
21
10
3
1
22
16
