2
8
3
20
12
25
20
19
26
20
3
12
14
20
4
8
10
4
4
0
24
16
8
14
22
9
21
23
20
26
4
6
16
19
26
17
15
23
10
1
20
26
4
2
5
0
18
18
3
12
22
23
3
11
24
12
11
9
9
18
2
7
4
16
4
7
10
10
2
22
23
18
11
25
7
9
24
15
8
3
25
23
19
24
16
24
7
11
22
9
12
24
4
6
7
12
5
14
4
21
6
25
16
3
15
15
9
9
0
12
22
2
25
12
0
2
16
22
5
23
5
8
1
5
1
15
6
22
11
25
11
22
26
4
21
14
2
11
20
21
8
26
24
13
1
12
24
17
12
11
13
16
4
4
23
4
6
22
7
18
18
17
26
1
13
14
5
21
4
20
9
17
2
11
23
18
18
26
15
6
13
14
6
13
20
23
26
22
26
5
14
18
18
23
13
15
0
23
9
2
4
4
25
21
5
11
19
1
15
10
8
15
5
16
3
12
18
23
21
3
21
7
21
13
19
7
16
4
23
23
8
8
21
25
5
21
3
13
24
1
20
6
16
6
24
10
18
24
22
9
8
24
19
17
14
3
7
19
23
0
6
5
0
26
18
9
15
5
9
19
4
7
10
1
3
19
26
16
20
6
1
2
19
26
22
5
25
18
9
21
9
12
13
20
4
26
13
11
3
5
18
7
2
12
5
3
8
0
18
22
3
26
2
13
5
26
0
26
25
3
22
7
7
9
12
13
15
0
14
23
11
4
19
20
17
26
2
3
7
12
5
6
11
20
24
6
25
17
9
9
3
10
25
8
6
18
17
20
26
14
10
6
6
9
25
1
7
14
21
11
22
13
22
25
8
26
14
12
2
4
24
0
9
17
3
6
3
25
15
15
8
21
23
11
17
25
6
19
19
2
20
3
20
10
9
5
25
8
7
20
21
10
6
11
0
2
1
16
4
9
8
11
6
21
24
5
2
1
19
1
2
23
11
0
7
18
9
5
26
4
25
2
25
2
9
16
22
1
21
2
13
25
25
9
4
3
21
23
4
2
6
5
15
19
9
11
6
10
25
14
19
18
23
18
9
4
26
15
25
8
21
17
9
24
23
5
1
12
4
3
25
0
13
5
16
26
18
8
16
10
