14
7
8
4
3
12
22
20
6
7
24
19
8
4
21
17
17
1
7
7
10
21
25
8
6
1
10
25
17
16
0
25
15
13
9
18
9
3
2
14
18
25
14
2
17
10
3
16
0
22
12
8
23
2
11
3
17
9
23
3
14
21
6
20
1
16
11
13
14
20
18
18
12
19
17
14
2
1
5
17
20
18
19
17
16
17
14
10
17
6
21
13
25
0
16
11
15
15
15
14
17
11
1
23
6
0
7
19
20
8
24
4
1
20
10
22
17
13
8
7
7
14
24
1
10
19
18
17
11
15
13
13
25
19
3
3
22
20
8
6
26
0
17
4
4
24
17
7
12
14
23
9
21
23
11
6
8
16
6
18
9
12
26
19
9
20
1
17
15
3
23
22
5
22
26
1
6
5
1
15
14
21
6
9
0
10
1
23
17
23
15
24
13
4
10
0
9
4
21
20
20
17
12
11
6
25
16
0
26
26
13
19
22
2
21
15
21
12
1
16
24
8
5
1
20
3
2
16
11
4
15
4
6
7
17
20
0
1
21
6
12
25
10
23
14
12
2
10
0
20
15
17
17
12
20
5
2
7
21
1
26
25
12
6
1
19
23
3
11
10
24
10
16
17
13
6
13
10
22
19
9
16
5
22
6
18
7
6
16
22
1
17
18
3
9
5
3
0
2
24
8
11
15
13
4
16
5
18
1
3
3
6
6
16
4
17
3
15
26
9
8
6
21
10
16
5
11
0
13
6
14
8
5
12
17
15
2
10
24
11
17
13
15
13
18
1
8
24
4
19
8
5
9
5
26
15
23
16
23
8
15
7
16
12
10
8
26
3
12
6
21
2
25
13
10
20
16
17
6
5
16
9
19
21
11
20
14
8
8
16
16
1
9
19
0
16
2
17
18
17
26
22
5
17
13
25
18
7
10
13
18
26
19
11
7
26
24
20
0
26
11
19
22
21
8
16
9
10
22
11
11
5
2
13
9
17
20
13
24
7
2
0
0
8
18
6
13
14
0
9
22
20
16
19
9
8
10
12
11
0
20
0
7
14
6
23
10
20
18
7
12
25
18
23
9
12
8
19
15
26
26
25
9
20
21
13
20
26
6
11
4
0
11
7
20
20
1
12
5
21
