3
18
9
26
8
9
16
3
7
23
20
18
2
5
4
6
20
23
2
12
15
18
2
5
4
15
8
24
12
14
20
9
26
9
21
5
8
4
1
0
22
6
10
16
10
5
15
1
0
2
21
22
11
16
4
17
22
18
14
23
8
14
2
8
25
23
15
6
13
23
18
4
4
10
23
6
19
21
7
15
14
7
7
21
6
25
21
16
0
2
0
24
25
5
4
13
10
6
16
9
1
1
0
2
18
25
3
3
1
6
21
19
5
21
12
19
4
22
2
6
2
21
8
19
3
5
16
18
5
10
19
20
10
18
8
19
24
20
2
20
0
8
25
22
24
13
13
15
22
25
22
8
14
20
19
13
20
14
0
19
24
22
1
20
10
5
16
16
2
6
11
9
9
14
4
26
3
4
16
2
13
4
20
2
9
13
0
15
26
16
26
2
23
3
5
0
2
6
12
22
2
23
22
6
24
13
1
4
14
14
25
4
8
2
5
6
1
23
17
21
18
18
23
1
23
10
11
25
11
1
13
10
9
6
26
10
8
19
10
12
21
11
4
23
19
0
4
1
1
7
6
10
15
16
8
2
4
16
6
8
13
5
4
25
24
25
3
16
8
5
6
13
26
22
17
14
13
13
17
5
20
11
3
0
6
11
15
14
14
8
3
0
9
22
15
23
7
5
0
3
10
5
8
18
19
9
23
22
4
9
0
22
15
25
4
23
14
10
25
2
4
21
18
9
18
17
6
26
5
15
1
26
15
0
0
19
22
6
20
21
9
0
0
23
25
6
16
2
3
11
4
8
9
1
6
0
11
13
21
18
8
25
10
15
9
1
15
19
11
21
21
13
17
16
13
4
11
14
0
3
9
10
8
14
0
5
20
0
10
0
0
24
25
25
16
21
17
19
5
19
0
19
23
20
16
19
6
22
17
15
23
24
14
7
24
21
26
14
11
0
1
12
9
6
15
9
10
16
26
3
6
5
15
0
26
20
2
7
21
2
9
4
10
11
0
4
9
26
0
19
21
0
11
5
10
5
14
5
10
20
26
20
10
5
0
7
11
7
23
10
18
7
3
15
0
12
26
26
2
2
6
25
23
18
26
22
16
25
16
19
22
19
10
16
24
21
8
14
7
9
