10
14
22
2
16
24
20
12
9
23
18
14
18
0
7
11
25
10
16
0
1
22
22
6
9
6
3
2
18
11
25
7
8
10
4
25
11
15
19
5
1
10
20
19
25
18
20
9
24
6
8
22
8
16
4
7
4
10
19
21
19
2
18
12
15
18
24
7
26
5
16
14
2
5
6
12
13
4
12
13
22
26
21
1
24
25
11
4
0
14
26
15
13
23
5
25
16
4
17
0
15
15
10
1
19
4
11
19
8
18
22
4
22
24
9
12
22
19
1
11
4
7
25
15
11
11
4
26
4
2
23
8
12
26
8
14
11
2
8
12
15
12
26
11
25
5
22
9
18
13
10
22
8
15
15
18
13
23
16
9
16
19
2
25
26
15
24
17
26
1
26
10
19
9
22
24
10
5
10
6
0
13
12
23
20
0
24
8
16
19
12
0
3
17
24
9
23
1
24
6
19
5
15
14
12
0
15
25
9
14
24
9
5
18
3
10
21
18
11
26
26
0
19
7
14
2
14
5
4
22
15
5
15
0
7
4
24
11
4
8
23
17
19
2
26
14
14
20
5
15
19
22
9
2
16
24
0
5
22
13
5
22
11
3
18
17
21
15
22
2
15
18
5
21
23
19
13
11
16
4
20
13
18
26
15
24
16
17
24
9
18
0
1
21
23
8
2
3
4
21
25
7
20
6
5
16
10
13
17
4
12
25
16
10
15
5
19
18
2
5
12
3
26
6
9
16
25
0
0
1
2
15
25
5
11
10
25
8
11
6
23
20
21
3
11
19
4
2
20
26
17
1
4
7
12
25
18
4
10
5
3
26
12
18
0
18
5
10
10
5
22
26
13
8
14
3
10
20
20
8
3
4
24
23
16
9
3
11
7
25
8
11
13
3
21
13
26
9
19
4
1
7
23
19
0
8
21
5
8
12
23
26
6
11
16
10
4
7
19
19
12
26
24
2
20
8
16
8
0
2
25
21
2
1
1
13
13
15
6
7
26
4
14
26
5
26
8
14
0
21
23
25
5
8
15
10
26
19
12
15
23
15
15
22
8
8
13
18
25
12
11
5
26
21
2
6
11
20
13
21
14
25
5
3
2
17
24
5
23
12
23
16
11
14
6
12
8
26
0
13
