17
18
22
25
16
0
10
17
0
17
25
8
1
1
15
15
9
24
24
3
21
9
4
4
14
19
17
6
25
18
21
8
14
2
22
26
8
10
18
22
6
24
15
21
19
9
17
9
14
13
3
2
14
14
22
26
26
2
26
5
25
19
15
20
23
22
8
11
13
2
11
5
12
5
10
14
7
2
25
18
14
18
5
23
2
26
17
14
10
4
24
16
15
12
24
0
12
15
24
16
14
8
14
4
5
18
20
26
14
8
4
20
17
13
6
3
2
3
7
17
2
22
18
17
2
22
12
13
20
15
16
17
18
7
22
16
8
23
15
24
19
25
23
23
12
8
26
18
5
22
4
3
23
23
15
7
17
13
24
11
3
7
5
21
23
23
21
9
4
18
19
18
4
1
22
19
13
18
25
25
16
12
19
5
19
4
16
23
8
5
4
11
26
12
7
11
15
16
23
6
19
26
10
11
24
21
21
3
15
18
10
11
25
26
1
25
12
5
15
3
7
6
11
9
16
20
11
3
5
13
16
11
0
26
3
11
3
10
23
21
17
24
1
21
4
25
7
13
20
6
13
20
22
21
2
19
16
21
15
19
26
9
21
24
20
4
2
12
21
16
0
18
4
14
2
25
21
19
14
9
4
19
24
16
19
20
4
17
24
18
8
20
22
1
14
5
26
1
21
19
14
17
24
2
7
21
8
25
23
12
14
18
5
26
2
16
7
16
17
23
1
4
9
25
5
24
9
0
0
3
24
18
13
12
23
24
24
16
4
17
13
15
6
3
19
21
2
24
7
13
23
9
11
24
19
25
4
24
20
18
21
13
5
12
9
14
13
26
11
17
3
22
3
14
14
26
0
2
13
5
3
25
17
12
10
26
8
13
13
4
8
6
14
16
1
3
20
24
17
23
2
16
7
25
17
10
0
11
13
2
16
1
22
4
15
15
23
6
18
21
22
9
22
17
24
25
16
12
13
15
26
24
20
11
9
1
8
25
26
12
15
23
9
4
9
12
11
3
7
4
11
1
10
23
17
21
2
21
26
10
19
18
2
18
20
1
15
17
26
16
7
9
13
9
8
14
6
22
12
16
14
2
9
19
20
3
6
7
0
4
6
24
23
17
7
5
6
9
18
20
