15
15
9
25
25
10
22
4
13
4
8
8
3
6
7
3
8
23
14
3
5
12
15
7
24
25
23
8
12
20
10
20
5
0
3
10
8
14
23
2
1
19
7
16
5
4
22
5
22
8
23
13
26
23
21
8
16
5
9
21
0
9
8
10
2
2
21
23
1
11
21
0
9
14
1
3
1
2
8
0
9
20
11
10
17
16
10
24
10
16
18
12
26
16
9
4
25
20
13
2
5
15
10
26
23
12
13
14
26
4
26
17
9
3
10
24
25
4
9
13
4
6
21
3
25
17
18
6
25
26
21
25
24
19
16
20
0
18
3
11
0
5
11
15
1
3
20
20
21
16
23
7
7
19
24
0
1
11
10
8
19
21
24
18
14
18
16
4
15
8
4
10
25
24
13
20
1
9
8
0
13
20
17
15
5
23
4
20
8
24
11
11
14
20
7
25
22
15
4
16
5
15
10
15
9
13
18
6
22
21
15
22
22
15
6
14
25
23
21
2
16
15
17
7
15
11
25
22
7
7
23
10
10
4
12
2
7
12
20
17
19
18
12
10
22
5
7
8
11
5
8
22
5
4
10
20
9
2
17
3
10
13
24
3
5
2
12
20
21
23
5
6
0
23
18
4
21
15
5
15
23
13
21
24
14
13
7
25
26
10
20
7
3
13
14
7
15
15
17
24
14
13
1
24
21
16
16
17
0
16
23
10
16
17
14
26
6
14
14
6
14
5
6
4
1
15
22
26
24
5
17
26
24
1
12
3
2
19
20
5
23
25
1
9
11
9
20
7
10
19
9
19
0
0
14
5
22
7
21
0
7
5
25
0
24
21
9
19
12
23
17
1
11
18
21
26
26
13
23
22
11
18
14
21
5
15
10
9
2
5
13
17
10
14
16
15
18
22
22
8
10
19
10
24
7
10
17
14
26
23
12
0
8
22
6
18
24
6
9
3
24
26
22
21
19
13
14
14
10
7
1
22
25
16
9
0
1
4
9
17
18
21
9
26
0
14
2
13
22
10
4
21
6
14
25
14
2
24
23
8
3
26
8
0
15
20
17
14
5
13
19
4
5
12
5
9
23
1
19
14
22
0
4
19
6
17
12
13
6
22
4
22
21
12
24
19
15
21
18
10
