19
8
13
1
6
20
11
7
14
13
3
19
12
3
12
3
4
24
13
11
23
11
11
21
11
11
3
13
17
10
4
20
16
3
13
3
21
25
11
14
15
6
22
0
25
17
13
11
10
12
15
18
18
5
13
23
18
10
12
25
9
9
19
4
19
19
22
25
18
12
21
6
3
8
26
15
11
10
10
18
21
7
13
7
22
20
1
3
12
12
8
14
24
21
4
8
1
19
14
5
9
5
15
21
0
20
26
11
21
2
9
22
23
10
5
26
19
14
14
16
19
20
24
26
14
17
11
2
3
6
13
21
3
7
20
22
26
24
4
7
3
24
12
16
12
23
5
19
0
26
11
26
4
26
26
3
19
20
24
20
0
13
0
22
5
6
6
5
25
10
3
22
19
17
0
4
1
10
6
4
21
25
10
25
23
24
18
5
16
15
19
12
6
23
0
17
13
8
20
20
17
9
18
4
0
3
1
17
17
22
12
19
1
23
21
20
12
20
0
9
5
7
11
25
2
18
14
0
3
10
24
18
8
9
15
20
13
11
17
2
24
19
14
21
19
10
2
13
24
10
1
9
22
7
8
12
25
9
21
18
22
11
7
16
22
17
12
24
18
2
4
13
21
23
5
25
6
12
5
16
4
9
7
11
21
20
13
9
1
22
9
12
14
4
3
24
25
23
9
25
4
0
10
15
2
11
8
13
1
9
24
13
16
2
17
7
18
21
26
2
23
2
15
3
20
0
20
3
4
26
12
23
14
2
12
12
2
1
15
25
0
8
26
15
19
5
25
21
2
21
25
21
12
25
25
23
25
20
23
21
6
18
12
18
24
4
4
24
5
26
8
12
5
7
15
5
24
4
16
17
25
25
16
11
22
15
26
19
7
23
19
10
0
22
4
17
14
9
5
23
25
9
17
15
10
8
26
16
21
15
9
23
19
2
11
3
23
26
22
7
5
22
5
2
4
4
15
25
26
6
1
9
2
9
8
22
1
19
21
3
1
10
4
6
18
20
6
26
6
14
21
0
10
16
18
19
7
26
21
0
23
25
26
4
18
2
7
19
26
2
8
21
23
2
4
26
8
23
10
25
22
9
16
9
19
24
4
9
21
6
9
16
4
13
10
4
13
3
20
1
