24
17
25
1
9
21
0
2
3
19
1
12
21
6
12
8
23
8
12
12
2
14
7
0
13
1
21
5
8
4
1
25
23
5
8
19
10
17
14
7
20
26
14
26
21
10
3
22
24
15
20
15
26
18
25
11
20
8
21
7
19
3
13
21
4
13
20
0
26
18
25
23
16
5
7
11
16
3
1
26
16
22
25
19
5
25
13
15
3
25
23
2
20
26
13
11
4
6
12
24
16
0
2
16
18
18
23
23
11
14
3
19
2
2
6
24
22
5
7
26
21
10
9
5
11
20
19
6
13
12
12
23
7
18
25
11
25
15
20
10
1
12
3
4
12
11
9
17
18
18
17
20
10
14
6
10
22
16
0
24
15
23
17
5
14
22
9
20
20
26
20
19
16
19
4
24
8
23
6
7
11
18
25
3
13
14
22
3
1
6
2
16
21
1
26
19
15
23
14
19
6
21
2
14
12
23
6
11
14
5
8
12
1
1
15
12
19
14
5
15
1
18
5
5
2
6
26
8
23
2
17
7
10
22
17
24
2
20
20
15
3
22
16
22
24
9
8
13
8
24
12
18
19
2
15
6
20
21
16
21
11
12
21
6
25
16
15
17
6
20
10
6
13
17
3
26
0
10
21
26
8
8
10
24
14
4
26
21
4
19
3
1
17
26
22
22
20
18
23
3
18
2
15
24
20
13
16
26
11
26
16
18
23
4
5
14
11
10
6
10
21
7
23
22
1
23
3
23
7
6
26
13
19
26
10
22
22
14
12
3
12
16
18
4
25
1
7
4
2
0
14
14
19
23
11
15
11
9
10
11
18
22
21
11
3
18
19
14
10
6
16
0
9
19
19
1
14
7
10
22
17
13
0
4
13
22
0
11
21
6
0
26
12
1
19
9
22
11
6
25
21
1
2
22
21
21
22
24
0
8
16
13
13
1
20
14
6
0
2
11
24
7
2
14
1
23
24
18
26
26
6
18
21
13
19
13
12
16
11
11
23
2
12
15
23
8
26
21
20
26
1
3
2
25
8
8
8
3
2
3
25
4
20
4
3
26
17
10
5
14
16
12
26
12
15
25
2
1
7
2
2
6
20
15
23
16
20
15
19
24
24
22
17
8
0
21
21
12
25
18
