10
21
2
0
23
24
4
19
16
23
19
16
22
23
16
16
22
26
13
20
21
9
18
19
10
11
16
4
2
7
24
1
25
0
26
26
2
0
6
26
11
3
16
7
11
1
12
9
25
24
5
24
6
17
1
14
7
26
18
0
25
1
2
13
19
11
4
7
23
16
2
3
5
10
2
8
16
6
15
20
5
17
19
23
12
0
10
12
14
11
7
18
11
25
0
5
13
22
20
12
24
15
21
8
26
15
0
0
20
14
11
6
16
25
20
1
9
6
11
15
1
6
24
24
6
6
0
15
17
7
5
9
21
11
5
20
22
7
8
7
11
2
18
9
24
23
23
2
23
5
23
14
21
1
19
11
2
10
25
21
0
15
18
1
8
21
21
21
11
18
3
0
5
15
22
16
22
0
9
17
15
23
0
11
26
9
0
19
3
7
9
25
15
3
20
10
15
6
22
8
3
19
23
7
9
10
17
0
16
4
24
26
10
21
15
3
0
10
4
3
20
13
16
12
11
7
11
2
20
8
22
1
10
9
14
25
21
15
15
5
26
7
13
12
16
12
4
21
7
16
24
2
0
21
13
20
22
16
13
17
2
5
13
26
17
5
24
20
15
8
2
11
19
8
17
25
6
18
9
7
10
7
22
18
19
25
23
5
11
23
14
22
7
7
13
1
21
14
14
13
22
11
1
20
9
15
17
23
19
11
25
5
3
8
18
5
3
20
14
15
0
7
3
20
24
1
6
10
3
24
25
11
22
18
24
12
4
17
1
6
3
23
11
5
16
17
22
26
23
24
19
17
21
2
8
17
19
22
18
17
18
22
22
21
14
16
21
0
10
16
14
0
2
8
12
19
18
18
8
10
7
26
11
7
7
19
22
7
3
14
18
1
24
9
2
17
10
9
16
21
26
4
17
25
8
25
18
22
9
23
0
4
12
22
3
10
26
1
2
22
6
1
11
15
5
0
19
24
24
6
6
3
14
13
4
18
15
14
10
22
18
19
3
19
8
10
8
6
0
9
25
25
0
7
11
9
17
0
2
17
21
18
9
19
10
1
12
26
12
26
6
15
1
2
23
7
2
4
21
19
15
21
4
26
3
12
6
2
14
14
4
23
24
11
8
25
17
3
2
3
