1
24
9
7
21
2
11
22
13
5
20
23
26
20
0
22
2
11
5
5
12
26
1
25
13
22
9
5
2
20
12
8
5
9
14
25
25
21
13
14
9
2
26
2
0
16
19
25
7
3
5
1
20
2
18
26
11
19
8
7
21
24
2
15
20
26
22
16
8
13
7
16
4
17
9
21
11
18
6
8
12
5
6
15
15
8
4
16
12
18
4
12
7
4
10
16
17
18
19
21
6
6
14
3
26
15
22
17
20
23
5
12
14
15
22
15
18
13
3
22
23
0
13
9
7
18
5
4
21
11
12
13
0
14
23
20
12
5
10
0
7
11
4
20
10
2
4
16
14
23
21
11
6
24
7
7
4
0
20
22
8
0
0
19
1
18
20
26
9
1
8
4
26
12
23
23
1
8
10
9
7
22
12
20
0
15
6
21
26
15
12
4
16
21
13
9
1
9
7
9
4
2
13
3
6
13
12
10
2
26
6
3
25
25
24
2
13
4
5
9
5
2
12
17
14
6
20
21
11
8
22
11
24
6
1
9
3
4
19
1
3
15
7
3
11
6
22
24
14
14
10
22
26
21
15
20
9
24
20
1
2
15
16
16
10
12
14
10
23
6
25
23
24
24
24
18
22
2
24
11
12
10
16
25
21
18
26
6
2
13
1
26
3
5
11
21
1
8
14
7
18
23
6
3
16
25
1
18
23
16
5
7
9
2
4
18
3
19
7
21
25
17
1
24
26
9
0
2
23
11
11
9
11
19
24
6
20
23
13
6
3
17
2
6
23
16
26
5
13
14
22
13
2
25
8
12
14
23
17
20
9
5
6
23
21
3
15
19
6
11
6
6
23
25
19
15
13
15
19
13
18
13
25
25
8
10
14
21
22
7
2
3
8
12
4
21
13
4
5
7
13
21
17
24
11
5
24
7
5
23
16
4
7
12
9
15
13
17
5
20
19
2
20
19
12
22
3
3
17
10
11
10
1
5
3
13
24
13
24
3
15
10
2
25
15
25
25
2
12
7
21
20
18
22
15
12
3
13
18
7
10
22
1
9
6
10
11
7
17
10
9
24
22
11
2
12
10
10
10
23
0
13
5
22
4
9
21
20
4
2
24
22
9
17
21
14
7
22
13
11
