13
16
14
11
20
4
15
9
5
14
7
12
10
23
17
10
22
14
19
22
5
21
24
12
26
21
10
8
15
26
12
21
1
24
5
8
12
17
20
21
16
16
1
9
11
17
26
3
10
17
13
11
18
0
2
2
24
17
23
13
3
24
8
6
9
24
4
23
0
11
12
16
22
24
20
13
11
6
1
24
13
13
26
26
22
18
13
21
10
15
3
15
22
25
15
21
19
5
15
7
20
6
3
23
24
1
10
5
23
25
5
2
12
26
3
20
12
21
9
5
9
17
1
25
24
0
23
14
6
18
11
12
21
3
24
23
26
21
1
25
3
22
9
7
2
17
2
17
3
9
18
9
6
19
26
26
19
14
15
21
20
12
24
4
17
18
7
20
17
23
5
5
22
16
2
1
19
23
14
9
6
19
4
6
4
20
23
13
19
21
4
2
4
25
6
22
16
8
15
19
8
21
9
14
10
8
3
2
5
7
23
3
1
21
9
22
24
0
10
25
17
25
20
14
20
23
3
11
10
13
0
21
2
2
19
21
18
10
24
24
19
15
3
7
12
18
11
4
19
6
5
25
5
0
6
7
10
9
6
12
11
14
0
17
13
8
0
1
11
6
14
7
12
21
24
7
24
11
17
11
8
11
23
26
1
19
15
25
6
11
3
23
2
9
4
11
14
23
13
26
3
5
24
0
16
16
2
5
10
19
9
25
25
6
21
7
0
2
18
23
17
1
14
24
1
5
10
13
5
11
11
1
3
18
24
12
22
25
6
20
10
6
10
21
14
1
18
10
24
8
19
25
3
8
1
7
10
11
5
18
5
7
13
10
10
20
9
15
0
2
0
19
19
4
7
8
6
1
8
4
16
12
7
14
13
20
13
13
9
3
11
9
13
7
10
5
10
9
11
5
5
7
24
26
18
16
13
17
7
21
3
0
6
23
0
13
24
19
12
17
10
18
14
26
5
12
0
13
9
19
21
26
6
23
26
13
8
18
21
23
10
24
6
22
24
2
21
22
25
17
4
5
17
11
25
5
8
15
23
11
10
5
5
2
7
11
16
24
7
3
24
22
11
15
5
17
11
1
25
9
9
10
5
21
10
11
16
15
19
8
25
20
14
9
8
16
21
1
23
25
