9
0
22
3
21
8
26
0
4
7
0
9
26
4
22
16
8
26
1
8
1
1
1
4
2
7
4
0
2
1
24
7
16
13
4
1
5
15
15
9
3
14
22
21
20
4
4
1
25
6
23
3
16
25
15
2
6
17
20
5
20
17
23
20
0
5
20
9
26
0
25
21
17
3
6
3
23
6
21
24
23
8
20
13
13
3
17
9
17
4
1
26
4
22
14
9
21
14
16
20
11
1
2
11
26
8
19
0
23
25
26
5
8
23
6
9
17
21
16
26
5
15
1
22
22
5
26
4
16
17
9
9
18
24
5
17
2
25
26
7
12
10
26
12
8
14
5
6
3
18
5
2
22
13
11
13
19
4
26
4
24
3
23
18
11
26
19
10
21
1
26
1
3
13
26
20
2
21
25
24
1
20
22
13
10
15
4
6
20
18
11
15
14
23
1
6
4
7
15
5
19
12
4
13
9
3
17
20
21
8
18
14
22
24
15
10
1
25
16
8
7
6
8
9
25
11
16
20
9
19
13
23
13
16
9
4
2
16
11
4
5
14
22
22
9
23
22
15
8
8
23
11
26
22
12
10
23
16
1
6
21
24
9
1
24
9
7
12
1
19
12
16
19
19
7
1
8
15
13
9
14
7
3
4
21
12
5
11
6
12
9
15
4
3
5
0
7
13
14
17
14
11
16
4
20
9
7
1
10
3
13
2
13
3
18
6
26
19
1
6
18
26
21
0
1
4
16
10
1
24
13
25
4
21
26
1
14
0
20
23
5
4
16
11
5
14
25
11
5
10
26
25
18
25
3
22
1
8
13
15
9
26
10
23
9
1
23
7
24
23
11
25
23
17
26
6
7
2
8
10
4
19
5
19
11
19
10
25
8
18
12
0
15
14
23
21
9
6
24
0
4
16
6
20
2
10
7
22
2
16
23
24
15
21
19
9
14
6
22
6
4
4
18
7
15
24
9
3
25
11
15
3
21
20
10
10
17
19
3
23
24
8
1
1
26
0
11
10
9
26
20
25
11
13
20
18
18
11
23
3
4
24
17
10
20
11
10
19
26
15
11
0
21
7
5
26
14
18
16
23
17
18
1
1
9
5
12
11
10
5
11
11
20
7
12
22
15
11
18
3
