4
7
26
16
9
2
21
21
5
17
26
15
18
21
21
19
25
13
25
18
10
14
3
1
0
19
24
0
1
23
14
23
5
26
26
4
5
25
9
23
25
12
13
26
18
0
22
1
13
16
11
11
25
7
4
11
6
19
8
9
16
6
20
7
21
16
21
2
20
8
2
24
16
1
6
24
15
18
1
23
7
16
15
10
7
26
21
9
13
25
12
20
1
10
19
24
7
21
8
8
15
6
20
15
15
26
24
0
20
17
14
12
19
24
14
19
11
10
4
22
21
24
2
7
15
22
16
1
3
10
5
18
22
4
16
17
19
25
13
9
20
26
2
8
12
9
18
23
5
5
16
2
10
20
26
18
13
3
17
3
15
2
4
1
19
14
20
11
14
23
21
20
16
19
23
5
8
15
21
9
13
18
3
21
4
23
0
7
11
5
22
25
16
13
9
5
8
23
2
20
24
6
0
0
24
13
15
4
18
5
3
3
5
14
2
0
0
22
23
8
20
13
13
1
13
15
3
22
20
14
18
2
2
6
6
10
5
25
7
17
17
18
9
18
7
24
18
3
16
4
4
21
4
17
21
13
25
5
6
6
16
3
17
4
24
6
22
5
5
25
26
15
23
24
4
20
23
0
9
16
21
7
1
8
25
7
21
7
20
16
23
23
22
4
17
7
19
6
4
10
24
17
2
14
11
21
15
18
26
4
7
10
19
7
22
16
17
25
10
17
13
5
5
16
0
19
6
0
16
1
12
8
18
7
3
21
17
5
20
6
6
13
25
20
3
22
0
15
4
22
9
4
3
24
17
23
3
21
23
17
23
3
6
18
7
8
11
2
12
14
5
21
16
25
13
13
7
10
0
16
7
5
13
15
19
11
6
9
10
18
1
20
6
3
24
22
4
15
3
21
21
13
26
19
5
2
26
0
9
13
15
23
6
1
16
22
13
25
4
5
22
24
18
16
4
11
3
15
16
14
1
6
5
16
24
13
12
21
17
5
13
0
20
25
12
12
8
15
25
16
5
13
26
5
16
17
25
7
2
17
2
6
12
8
18
4
19
20
24
26
15
11
25
2
17
1
9
17
11
20
17
11
14
26
2
2
18
12
10
8
11
20
20
3
2
17
23
15
24
5
