5
11
18
3
16
13
7
12
18
4
21
9
16
6
13
10
16
1
5
9
10
23
4
17
24
16
23
10
7
17
2
1
0
15
15
5
15
20
8
22
0
4
23
20
6
22
21
3
11
13
26
17
23
11
4
17
10
13
23
20
13
4
18
14
11
14
25
20
2
4
7
17
19
18
1
26
11
1
13
21
0
18
21
22
1
14
24
12
4
9
16
3
5
10
14
4
15
22
17
12
26
22
19
14
9
20
1
9
6
18
0
5
12
6
19
2
20
25
14
13
11
14
7
7
2
13
20
19
5
4
6
2
25
12
18
5
16
8
21
22
22
1
1
12
17
2
20
19
7
19
25
17
19
19
26
19
2
10
3
8
1
23
3
1
0
22
10
11
25
13
23
25
6
10
9
3
14
25
0
3
12
2
25
15
8
19
20
5
23
8
15
18
8
4
20
2
24
10
8
1
3
21
13
26
12
19
19
14
14
14
15
23
20
16
6
2
23
2
15
18
16
16
6
13
14
20
1
19
10
1
17
21
14
25
10
24
22
0
22
15
20
14
15
25
22
25
23
10
12
4
0
12
17
26
22
22
21
16
5
8
12
14
22
24
6
26
4
5
0
5
12
10
2
19
7
13
8
21
13
24
20
4
23
25
19
21
25
8
2
11
23
8
14
14
18
1
14
14
25
25
12
17
26
7
14
6
12
20
10
24
2
1
22
25
10
25
4
16
18
25
9
22
26
11
0
0
1
21
3
23
14
6
17
14
17
14
8
25
3
7
1
3
16
18
25
22
24
3
7
18
3
22
18
23
15
19
14
7
1
0
10
0
8
20
0
23
20
20
18
7
6
23
4
19
7
3
24
10
3
1
17
4
23
6
1
18
19
4
7
22
11
26
16
19
17
17
2
8
13
0
21
16
20
0
19
4
4
16
24
20
24
16
17
11
23
22
6
20
25
19
9
12
22
3
9
1
16
12
5
6
13
12
5
6
8
25
16
16
20
26
22
24
16
1
17
19
10
14
24
7
5
22
16
22
19
5
20
12
9
26
17
22
26
17
3
5
20
10
4
26
15
13
24
9
19
7
20
26
2
5
25
18
16
17
3
23
12
20
4
21
0
17
4
26
14
26
6
12
8
7
