9
3
23
23
15
14
22
21
2
22
26
3
17
9
7
8
24
16
13
26
10
10
12
13
0
0
6
7
16
17
14
25
18
23
18
5
9
18
6
0
7
1
2
15
7
2
24
18
21
11
23
14
8
4
22
13
3
26
14
4
2
14
0
25
24
16
7
3
21
1
7
9
0
23
3
20
16
18
23
14
20
10
17
12
15
16
25
20
1
4
10
16
12
20
24
14
5
13
12
11
16
7
22
20
3
25
16
25
0
12
20
13
11
0
11
26
0
10
10
3
9
1
9
1
10
1
1
2
20
12
24
19
25
19
3
14
15
8
7
11
0
16
24
9
3
11
18
15
5
8
1
2
21
8
7
11
24
8
3
0
24
13
2
5
23
20
12
4
24
12
13
12
24
15
26
24
8
4
18
16
4
2
5
0
11
16
23
0
3
7
18
12
14
23
20
14
14
3
20
16
16
22
3
12
20
0
17
11
21
1
22
7
10
20
6
5
10
17
23
8
5
24
5
3
12
17
23
21
14
14
21
23
26
16
11
22
16
25
8
12
6
16
4
4
4
18
3
12
13
4
25
8
8
11
12
23
17
9
5
9
3
10
6
19
1
14
0
17
0
9
0
5
14
22
19
17
20
14
1
14
10
5
9
10
14
0
13
9
2
22
6
26
19
18
22
24
26
24
12
3
26
21
17
8
9
7
5
8
24
11
19
10
17
12
20
5
8
20
19
0
21
0
8
7
26
7
12
11
1
3
19
23
24
4
5
16
23
13
8
0
10
8
8
10
2
0
20
26
7
26
15
14
17
2
18
19
7
9
13
9
10
21
22
21
2
13
25
2
7
21
6
19
12
18
13
21
14
4
14
0
9
24
6
14
19
25
16
13
5
12
23
26
4
23
11
13
14
0
20
13
10
25
9
2
11
22
20
25
23
17
7
0
10
21
20
8
7
4
19
7
14
21
20
6
25
1
7
3
4
25
4
17
26
0
3
0
8
6
0
17
9
21
26
15
7
5
5
25
10
15
5
13
8
5
12
17
16
11
9
3
6
15
3
12
11
25
11
7
11
4
24
24
21
9
19
4
24
24
10
4
24
13
15
9
17
14
6
22
9
16
22
26
1
4
8
3
4
20
11
14
