22
26
10
6
23
26
5
6
2
7
25
16
11
13
23
20
10
22
8
25
9
7
4
7
6
21
0
2
15
18
18
16
13
12
0
8
22
21
1
9
18
9
17
16
25
13
22
16
25
8
9
9
16
6
21
21
8
10
20
13
4
22
18
20
7
20
10
22
10
12
12
15
23
1
12
17
8
19
20
25
4
2
25
20
17
10
25
18
14
19
7
16
12
19
14
2
26
14
15
6
1
13
10
9
7
23
2
25
7
22
15
2
24
8
23
19
26
9
1
8
6
1
1
3
20
4
24
4
6
9
10
1
4
20
18
5
9
18
11
23
11
24
23
15
6
13
24
0
17
11
4
22
22
25
24
0
23
22
19
14
25
7
1
19
4
4
8
24
1
1
22
7
12
20
14
0
25
12
21
26
11
20
2
15
5
9
3
7
24
0
17
16
6
8
17
2
18
11
10
20
18
7
12
16
16
17
25
23
22
5
21
5
5
25
18
25
4
12
12
3
19
10
13
13
21
5
9
21
14
14
3
2
1
4
23
7
26
13
4
20
9
23
20
1
17
19
18
18
19
23
24
25
25
10
17
21
26
21
0
11
22
9
21
1
2
6
25
9
12
20
6
18
3
9
2
12
26
17
19
10
20
19
3
6
10
10
10
20
8
22
3
8
21
7
9
11
16
11
19
15
26
6
15
4
0
1
12
20
14
10
25
10
7
4
13
19
3
22
14
22
22
17
0
23
1
7
20
6
0
22
20
24
6
4
14
12
5
16
7
3
13
17
22
24
19
7
5
14
0
7
24
4
21
21
12
19
11
3
5
19
17
23
25
4
16
0
6
20
8
26
0
21
12
1
5
1
18
23
16
17
7
19
23
19
9
24
22
3
1
7
1
22
24
16
0
6
22
11
7
3
5
14
22
22
7
24
20
9
10
26
7
22
1
18
4
1
24
9
12
14
11
26
5
26
10
17
4
20
0
7
12
9
13
8
2
13
10
8
16
26
16
23
1
14
15
2
23
5
13
14
12
15
19
21
13
21
9
0
8
15
8
26
4
4
15
21
21
12
23
1
25
13
23
6
23
3
23
24
14
18
26
20
3
8
18
3
7
22
2
20
10
4
20
0
16
1
6
10
22
24
