19
6
3
17
4
24
3
20
26
13
7
7
3
24
11
11
7
23
6
2
19
11
21
10
10
11
20
16
15
11
5
13
17
12
7
0
18
7
18
26
0
15
9
3
8
1
17
24
16
17
15
16
23
25
19
8
7
1
3
24
12
20
4
5
21
20
19
10
4
26
20
23
1
18
5
17
7
20
5
5
8
15
15
26
13
2
14
11
2
22
26
25
18
9
25
21
8
14
16
13
7
20
0
14
10
25
0
3
18
15
3
22
2
13
22
5
22
10
21
6
20
20
10
22
18
1
5
26
15
5
24
21
12
9
19
24
5
6
11
0
8
3
10
11
26
15
13
12
23
15
12
0
12
22
17
17
20
16
15
23
25
10
1
18
5
9
21
2
4
23
10
22
10
9
11
19
2
22
15
17
0
8
2
18
20
1
26
16
0
24
26
6
21
21
10
26
15
22
10
15
16
22
16
15
17
9
3
19
13
8
3
16
14
23
9
9
9
18
9
26
1
21
1
24
16
15
8
25
22
5
7
26
10
22
5
26
1
16
23
19
9
13
0
11
5
8
3
24
8
2
0
24
13
20
11
12
5
4
25
26
13
21
19
12
18
1
3
7
11
17
3
3
15
20
15
23
12
9
2
4
12
1
5
26
16
25
22
21
26
5
3
26
20
5
26
7
23
12
11
21
4
4
4
17
9
14
12
26
5
26
24
14
23
7
15
4
7
25
23
1
20
20
25
13
12
24
1
8
19
5
13
12
23
1
22
17
20
23
22
14
22
9
23
15
16
2
20
4
15
12
13
18
7
15
6
15
17
5
2
14
9
3
22
18
8
10
22
10
4
24
4
7
11
2
8
12
14
17
14
12
16
1
16
13
2
23
23
5
16
13
2
24
2
4
8
11
18
8
26
8
2
11
0
8
24
8
13
17
6
11
0
21
3
10
12
9
25
20
19
19
19
14
7
19
12
21
24
24
11
17
16
20
24
0
9
5
12
21
26
25
14
1
4
1
21
21
1
19
13
20
1
11
9
4
5
7
3
15
16
23
22
21
25
22
2
16
10
12
1
14
21
16
21
6
4
21
25
11
15
26
18
3
19
12
11
18
10
20
14
5
10
20
8
3
1
3
4
22
18
7
