7
20
9
4
10
17
21
26
19
10
3
15
17
6
11
1
21
10
22
26
21
3
16
24
6
20
6
10
13
5
12
20
19
7
20
22
22
17
25
12
17
5
9
18
11
4
2
1
21
13
22
16
7
24
22
20
18
8
18
26
10
11
26
20
22
19
2
20
6
14
20
14
20
19
8
5
3
16
8
11
24
26
20
21
24
23
24
23
10
25
9
7
8
21
16
7
21
5
16
17
14
20
9
1
7
17
8
3
19
2
22
16
11
20
2
4
10
12
15
4
2
2
12
1
6
11
9
3
3
21
20
17
22
3
19
12
21
11
7
8
0
23
25
2
17
6
19
21
17
3
9
11
24
14
5
18
9
6
24
16
11
9
18
25
13
13
8
15
13
6
3
24
16
1
23
14
14
15
17
0
21
13
8
4
12
26
25
18
25
19
11
1
17
0
17
15
1
9
11
15
21
13
24
9
3
5
0
26
12
2
14
15
17
21
26
11
5
6
15
23
21
13
5
23
20
25
11
13
22
6
12
3
19
25
6
25
2
20
24
10
15
1
19
14
11
13
3
3
6
2
18
20
4
7
22
20
15
0
1
18
3
17
15
15
17
11
18
14
6
18
24
26
7
21
12
15
10
9
10
17
7
12
3
8
8
10
25
1
13
7
8
25
9
2
21
9
26
1
0
18
19
6
20
17
24
10
7
1
2
1
19
12
0
4
7
22
22
10
2
22
13
22
22
8
2
18
7
6
15
1
2
12
22
7
4
20
14
11
5
24
2
6
0
5
6
9
18
10
24
23
13
4
3
5
0
8
14
23
20
1
5
19
12
4
15
20
13
5
25
3
7
23
3
10
23
14
22
0
5
24
16
17
7
10
20
0
10
25
17
23
8
25
9
17
23
26
18
25
8
5
17
9
13
17
4
21
12
12
7
11
5
11
22
1
5
20
17
13
16
23
6
19
25
14
20
25
8
21
20
20
5
11
1
15
11
0
12
11
12
6
23
26
7
1
2
10
20
20
5
3
17
16
5
6
14
7
9
17
19
18
8
14
6
0
19
7
26
23
3
15
18
18
8
2
17
17
22
6
0
20
19
22
3
17
9
7
3
2
2
16
25
15
6
3
13
10
17
1
5
16
