14
9
10
2
4
11
22
8
18
2
12
17
19
4
12
14
25
16
14
23
7
15
8
19
10
17
18
26
5
16
11
15
10
1
7
26
6
23
20
23
25
25
12
0
3
4
7
24
14
0
2
8
20
1
20
24
26
7
10
4
17
3
12
11
19
26
16
17
24
14
15
15
22
13
6
16
23
8
9
11
15
4
21
7
11
2
11
9
2
8
6
18
18
0
2
10
23
22
20
17
5
26
1
12
22
23
25
20
19
10
7
7
18
23
4
5
22
25
6
14
16
13
8
16
24
25
22
5
2
6
5
14
17
11
8
19
17
3
14
13
7
17
14
21
9
12
2
17
18
13
12
14
16
0
21
15
10
23
7
8
16
2
3
5
16
21
16
23
25
7
25
26
7
26
21
0
24
20
14
5
13
7
24
17
22
4
20
20
15
14
5
7
11
9
5
26
13
3
25
11
7
23
8
22
9
0
19
4
17
0
2
5
3
25
24
23
6
4
13
13
24
21
4
14
24
16
25
8
20
7
20
11
16
4
3
10
2
22
18
15
26
3
8
5
8
25
18
11
21
15
11
4
21
6
9
4
25
3
15
2
26
4
0
21
21
21
7
22
3
25
19
21
11
16
24
13
10
24
1
2
26
26
2
21
12
1
17
5
19
5
3
3
19
11
11
22
2
12
23
20
10
7
18
26
21
1
23
18
12
17
9
14
24
19
8
7
19
5
13
16
3
8
19
17
24
8
4
25
26
0
18
12
11
9
12
26
12
10
22
0
12
18
23
9
23
23
12
11
25
19
5
24
22
10
22
24
8
2
1
22
4
13
0
4
5
17
17
2
0
16
16
6
13
11
26
15
11
11
25
1
5
16
23
24
16
11
14
18
26
13
6
19
1
0
23
18
17
8
0
6
10
15
23
14
5
9
14
12
11
19
21
17
16
2
26
25
24
15
8
26
3
21
3
10
23
0
18
11
9
17
8
21
2
1
5
26
11
24
21
2
4
25
13
18
3
10
14
16
12
25
8
24
3
2
2
9
12
16
4
18
5
0
5
13
26
20
21
2
2
17
17
14
20
26
10
15
23
26
18
6
14
14
21
18
13
16
14
21
5
26
14
11
6
5
20
14
16
14
3
5
