18
16
17
8
5
6
2
23
18
17
23
26
16
26
10
23
15
9
0
5
9
17
4
11
4
10
7
25
14
21
6
4
3
4
11
9
1
3
26
1
20
6
5
2
20
8
6
17
0
7
14
3
11
11
11
10
6
19
18
7
21
23
4
9
11
20
10
2
23
23
18
3
23
6
13
19
5
0
25
7
0
21
9
9
11
11
4
9
6
20
7
19
18
11
19
2
1
3
22
21
7
23
23
2
4
11
19
20
26
4
2
13
26
21
23
6
1
19
6
7
21
13
1
4
5
17
26
10
23
26
20
10
5
18
1
4
18
3
5
6
12
11
13
26
5
0
4
19
26
23
20
2
23
18
21
5
11
8
18
15
15
1
7
10
5
0
25
20
14
18
17
20
16
23
14
22
4
2
26
8
9
15
26
15
23
16
21
1
6
20
8
0
5
1
22
13
20
2
19
10
7
6
3
14
4
8
9
2
9
25
20
24
20
11
21
3
7
14
6
5
19
22
0
4
0
7
26
13
2
25
11
12
21
17
15
9
2
3
15
15
19
3
12
5
8
10
5
3
22
23
26
1
9
0
17
9
20
5
8
25
1
5
10
18
5
2
13
4
3
22
15
20
5
23
25
7
26
2
18
15
20
0
0
23
15
21
9
19
24
1
14
9
0
10
10
26
3
7
17
0
6
11
8
19
4
22
6
6
26
8
25
0
0
13
24
14
0
17
25
8
21
4
19
25
26
22
16
12
17
21
18
23
18
22
16
21
13
11
17
10
7
16
6
21
21
16
7
16
9
25
9
25
2
7
3
12
17
6
19
18
19
5
18
14
3
23
8
16
18
7
3
14
11
13
1
22
11
1
1
4
6
22
23
5
9
8
16
5
17
21
9
15
12
21
17
5
18
25
15
13
5
4
13
13
8
11
5
12
25
13
26
8
21
6
0
8
17
21
8
19
22
23
18
6
4
25
13
5
18
5
9
12
3
26
12
3
8
13
5
3
17
10
9
5
16
9
15
8
22
22
15
25
11
5
8
26
5
0
5
14
12
26
7
26
2
11
15
17
22
0
8
26
7
19
24
3
23
16
8
26
25
22
0
12
14
22
8
24
17
8
16
9
17
5
11
22
8
17
26
11
