4
16
9
9
5
8
4
1
12
13
12
25
20
3
10
11
15
17
20
4
23
5
5
18
22
10
22
15
18
23
5
10
1
8
8
26
10
16
7
9
23
21
10
23
20
17
6
25
18
20
6
21
1
4
20
3
2
0
6
8
6
21
8
5
21
9
6
0
5
24
13
11
21
0
0
11
14
11
19
5
26
18
2
4
22
6
8
12
7
10
26
21
21
9
21
22
24
22
4
9
20
11
5
12
13
22
26
22
18
11
7
18
15
4
16
10
23
4
6
19
8
13
19
22
0
3
0
2
10
19
22
25
16
15
19
15
9
9
25
3
14
24
16
2
1
24
2
19
16
18
19
15
19
1
9
15
24
25
19
9
0
14
25
17
11
4
23
9
7
22
20
5
3
26
17
4
23
9
4
13
13
19
23
9
14
25
2
8
12
16
19
15
2
16
1
12
0
6
4
6
15
17
17
13
11
0
9
2
4
20
10
6
0
0
26
6
19
7
1
26
16
4
11
6
1
24
12
17
25
8
14
25
4
25
19
18
0
9
15
21
9
9
0
1
22
8
2
24
20
11
2
7
6
21
0
2
12
13
0
18
21
5
0
22
4
16
3
12
15
20
22
6
22
12
22
23
0
9
15
7
9
24
11
9
12
9
17
17
24
18
16
11
5
22
22
16
24
10
10
24
0
4
10
16
21
20
10
4
10
11
14
13
6
20
20
7
10
21
16
15
3
11
8
0
11
12
4
3
23
9
4
24
25
22
11
2
26
15
14
0
17
16
11
17
2
16
5
17
7
19
20
18
18
9
12
11
5
1
21
4
22
9
18
9
15
8
10
4
0
17
23
3
18
13
16
9
10
12
19
21
10
18
6
23
17
5
12
12
13
26
5
13
22
1
0
20
18
17
6
20
19
8
17
21
11
16
17
19
12
25
25
8
23
22
26
22
16
1
13
6
3
8
5
12
22
4
1
22
11
23
8
23
21
22
10
1
19
13
19
9
1
25
4
16
10
19
4
14
13
11
4
18
8
2
24
13
2
22
24
1
12
7
9
23
22
25
17
5
22
13
2
10
15
14
10
14
7
3
11
1
5
7
23
6
1
5
8
10
2
22
13
8
26
4
21
0
4
4
9
0
