4
22
15
26
26
10
17
11
20
5
2
5
9
22
15
16
8
22
7
1
1
18
5
24
14
13
0
11
7
3
24
16
19
15
11
12
14
2
22
7
24
10
3
26
7
0
23
13
10
9
1
0
19
21
0
20
10
14
13
17
5
7
16
2
26
18
10
7
15
8
2
16
14
3
18
18
8
10
11
7
18
8
25
10
21
15
7
6
6
10
4
16
24
13
3
25
20
3
14
17
7
5
4
8
18
19
9
6
10
16
6
10
1
1
17
3
25
14
23
19
3
13
10
3
1
6
11
26
19
18
16
9
21
13
11
7
17
12
12
18
4
0
24
6
17
7
22
6
4
12
0
1
3
3
23
17
8
21
5
23
14
12
2
14
15
10
3
26
5
18
14
21
16
4
21
0
22
10
24
26
3
24
4
22
0
14
14
1
5
14
26
17
11
13
21
7
12
13
23
0
14
4
15
11
24
14
14
14
4
24
20
26
16
17
7
24
22
8
21
20
7
11
1
7
0
23
15
25
16
0
17
14
1
20
3
10
11
22
11
12
15
20
14
20
14
10
22
18
26
11
9
23
19
14
10
5
12
24
9
24
6
7
22
12
4
18
13
1
5
5
13
22
5
1
12
11
15
21
18
20
15
2
23
20
2
12
3
24
1
5
22
17
12
19
23
21
14
13
14
2
11
14
18
8
1
15
4
3
7
2
6
14
11
16
25
19
3
25
10
4
14
22
17
9
12
19
6
9
22
0
24
15
16
15
19
6
17
6
0
4
8
26
25
21
24
22
26
0
13
17
17
7
5
12
16
17
2
5
8
26
1
26
0
26
5
24
10
19
10
26
6
26
8
5
17
17
12
8
6
23
13
26
5
25
1
19
17
18
22
17
24
14
4
4
2
17
15
16
14
11
20
21
6
19
2
15
12
20
4
24
17
0
25
1
8
12
24
20
10
18
16
0
19
2
18
13
0
7
14
13
25
12
10
1
12
25
17
23
17
21
11
13
26
14
22
24
19
19
25
10
21
11
20
11
17
19
22
8
23
11
15
1
11
26
23
6
7
12
20
25
14
2
3
0
16
21
22
8
18
11
2
2
19
7
13
20
5
19
3
16
2
26
17
11
23
14
24
10
14
7
