12
24
5
2
0
13
18
26
14
2
6
17
10
12
7
23
1
23
15
10
5
6
10
10
19
8
14
2
20
15
14
17
24
5
12
0
14
5
17
18
1
15
18
13
6
9
7
13
1
24
14
23
25
16
15
4
7
20
2
19
7
19
16
25
4
13
15
23
12
2
24
1
17
7
1
22
1
16
2
21
21
3
0
22
20
16
7
15
21
23
4
1
23
10
11
16
8
4
17
14
3
24
11
18
1
17
5
14
6
18
15
4
14
17
26
12
9
19
11
2
23
16
3
20
12
11
1
15
3
18
9
4
17
21
12
8
24
18
3
8
10
7
25
22
7
11
18
17
11
13
23
3
8
14
14
26
3
18
17
0
5
8
21
7
14
2
25
21
5
15
2
7
3
6
25
23
11
3
19
7
0
21
16
8
5
2
4
6
19
23
11
6
2
1
1
14
23
0
11
8
21
17
26
11
9
6
11
0
11
18
11
16
25
7
24
1
11
17
26
25
6
21
9
18
21
5
0
5
0
25
19
5
12
5
10
21
25
6
19
11
13
11
17
7
25
13
0
7
5
9
25
14
14
9
11
11
21
11
25
3
2
21
4
14
10
3
0
24
3
17
4
23
24
26
2
16
25
15
23
23
16
23
19
6
25
15
26
15
17
11
14
6
4
18
12
4
4
0
1
21
3
21
3
14
4
12
17
18
8
9
23
13
14
26
9
18
21
13
24
22
18
26
1
10
12
2
15
20
14
9
19
17
2
18
25
9
26
22
12
15
2
7
3
6
7
2
19
19
19
6
9
6
4
19
1
26
17
11
24
9
12
15
3
4
4
21
24
16
16
23
10
3
12
18
9
10
15
5
3
5
23
11
26
1
12
25
26
25
8
13
5
15
26
0
8
17
11
24
7
14
2
16
7
15
24
4
15
20
12
23
19
12
8
17
22
22
23
14
16
26
20
14
21
23
2
15
12
6
0
17
10
10
12
2
10
8
11
17
12
14
19
19
20
5
18
3
12
15
4
26
8
18
24
17
11
12
2
26
13
19
2
2
23
4
20
1
22
22
19
16
3
0
16
11
3
16
14
12
15
7
16
0
13
22
10
22
3
18
2
23
22
13
16
14
8
21
12
14
21
10
