8
1
23
8
24
17
10
20
15
19
11
19
0
10
11
19
12
18
1
8
5
3
21
20
24
11
23
21
7
8
25
1
11
7
23
9
17
10
12
14
4
16
8
14
12
22
2
23
21
11
4
26
12
22
22
14
20
6
21
15
3
24
26
2
22
6
20
22
12
17
10
6
23
21
21
24
6
0
21
6
7
2
0
12
2
6
24
16
23
8
0
1
5
4
8
23
8
2
17
19
10
7
1
12
15
20
7
11
8
19
14
2
5
19
15
11
8
15
23
20
25
2
3
3
6
5
12
7
7
24
26
5
17
17
5
26
24
23
2
21
1
17
11
20
23
9
22
21
24
18
9
6
26
12
1
25
21
16
16
10
8
26
2
21
20
24
4
25
1
15
6
6
15
18
7
11
12
8
16
17
6
24
26
9
12
21
4
8
25
16
15
4
18
3
26
10
15
7
17
20
2
20
19
7
24
13
7
24
11
25
9
6
7
4
22
8
8
26
1
26
17
26
16
9
20
21
25
22
5
25
15
7
18
23
7
16
0
23
12
17
16
21
17
6
0
8
9
18
10
23
22
13
22
21
25
6
20
9
10
1
23
0
22
23
21
6
4
25
26
24
5
8
3
13
18
6
26
4
16
18
26
14
0
16
3
14
9
3
26
4
22
10
7
11
3
25
8
1
5
12
1
21
5
26
17
15
19
17
4
3
16
13
8
4
18
10
3
25
4
16
1
5
18
18
19
7
19
3
12
1
2
11
21
9
10
26
21
5
17
21
21
24
19
4
11
2
2
10
21
7
26
1
26
22
8
12
4
1
14
5
13
16
5
17
16
20
5
1
5
5
19
17
12
25
2
26
2
25
19
17
20
21
12
8
10
22
20
26
6
8
1
2
23
5
18
4
8
9
8
23
14
5
3
19
25
21
7
4
11
12
15
4
22
6
12
6
1
2
18
17
25
3
8
17
20
12
11
3
15
13
23
15
10
3
6
1
11
22
2
2
17
10
17
6
18
14
12
20
15
17
5
15
18
3
9
20
7
25
22
16
18
15
13
21
19
26
25
22
5
7
18
9
25
25
3
9
25
24
4
3
10
7
1
17
21
7
22
16
7
23
14
8
0
26
23
20
20
18
25
20
