19
20
18
0
3
4
14
7
3
16
11
3
26
26
21
1
3
3
8
17
7
21
19
22
9
2
3
22
8
11
20
0
0
1
22
11
4
21
9
6
5
2
13
18
9
21
15
8
15
2
4
17
10
4
25
3
17
19
13
2
26
1
6
22
21
2
7
25
10
3
8
10
23
0
25
6
18
21
0
10
16
4
2
15
19
0
7
4
12
8
8
3
2
5
0
26
17
17
11
12
11
8
20
1
11
16
10
4
26
10
7
13
10
23
0
17
14
15
13
20
16
0
11
16
5
4
19
14
6
19
19
0
16
21
5
6
2
3
8
23
4
19
10
7
22
18
18
0
7
18
1
8
13
19
12
14
22
22
21
11
18
10
23
11
8
20
15
7
11
25
6
21
0
10
23
24
19
0
15
10
15
24
7
13
17
22
18
22
0
21
9
6
13
7
11
7
12
20
14
10
14
7
7
4
25
19
4
22
9
7
23
20
22
12
9
10
26
12
6
8
3
6
11
13
2
7
0
16
12
4
1
17
14
1
17
10
3
19
10
7
1
23
26
20
10
26
19
0
14
3
15
21
10
7
14
13
26
22
13
21
24
18
0
5
1
3
2
5
25
23
5
12
2
10
15
4
20
19
10
0
2
14
16
24
13
11
9
5
12
3
25
0
19
13
10
13
25
16
13
13
14
0
2
9
14
18
10
23
17
15
6
23
4
3
15
9
13
23
19
14
20
17
17
11
5
1
2
23
2
0
11
26
13
2
10
19
15
24
24
22
15
24
19
5
19
25
15
0
22
26
15
18
2
16
17
17
1
3
10
10
5
12
20
20
12
9
24
0
13
22
14
23
5
25
0
19
24
11
21
5
22
10
3
3
14
1
23
7
3
23
18
23
22
26
7
5
14
8
4
24
1
16
3
0
26
11
0
1
2
26
23
14
21
6
24
12
10
24
9
12
16
0
14
7
6
15
11
24
22
3
5
3
22
14
25
25
11
8
2
18
17
15
18
11
26
5
14
11
22
6
17
4
13
9
7
18
11
13
19
1
9
25
3
2
26
22
15
23
6
24
22
23
20
16
12
12
23
7
16
8
22
13
7
8
0
24
16
8
15
12
18
4
14
19
19
19
18
9
8
22
