1
14
22
9
4
7
20
2
18
16
21
7
24
18
1
12
3
5
8
0
23
14
21
26
7
24
19
23
14
17
26
16
15
13
20
13
7
16
12
26
16
22
3
18
11
0
5
4
9
7
2
8
9
22
2
13
6
3
8
0
18
6
14
4
2
0
20
9
21
8
10
26
18
15
7
26
3
4
11
19
15
13
18
2
7
24
20
18
4
18
17
25
19
4
6
19
15
21
14
4
20
18
24
8
2
12
3
21
26
19
23
24
22
26
19
22
13
24
1
22
18
22
14
1
22
3
8
22
10
7
3
2
13
14
8
22
1
13
23
11
11
0
5
24
22
6
22
24
25
1
26
8
0
14
15
25
24
21
0
0
17
11
0
15
12
1
5
1
12
6
9
23
14
22
19
14
2
14
7
12
17
6
10
25
16
21
17
7
9
19
11
7
6
2
21
4
1
19
5
15
17
17
13
3
13
5
24
1
11
9
2
9
3
18
3
7
3
20
25
15
14
10
16
19
25
14
18
3
15
15
17
12
17
12
7
2
0
21
16
1
3
12
2
20
22
11
8
4
8
4
3
15
16
16
16
11
19
6
19
16
10
17
14
20
24
5
2
15
20
11
2
8
20
3
23
10
2
12
15
13
14
20
8
20
23
2
10
26
5
7
14
25
21
7
17
7
2
6
15
22
19
9
4
10
25
8
17
11
6
13
14
21
1
24
19
18
20
10
12
26
22
14
20
3
19
26
15
12
24
3
10
14
15
9
16
4
9
22
9
10
24
12
8
25
2
22
26
2
12
13
8
23
6
26
19
20
23
17
3
20
15
24
6
2
11
10
12
23
7
5
0
25
2
22
13
24
18
20
2
7
26
9
5
3
24
9
12
12
8
15
14
14
14
2
15
11
26
12
10
25
7
6
23
13
7
15
19
0
23
0
8
20
18
13
8
7
11
3
20
23
11
12
21
12
7
22
13
0
7
17
13
21
25
20
18
20
25
26
4
14
4
5
9
16
12
1
7
2
5
9
14
19
11
16
15
9
26
19
13
9
10
5
12
2
6
18
3
2
0
18
20
16
16
0
13
26
2
18
17
24
22
24
23
3
13
10
26
19
13
23
16
10
24
5
25
20
21
18
26
0
