26
9
19
2
3
11
25
24
13
10
6
25
20
4
7
26
3
22
20
17
24
11
22
13
8
17
23
25
0
5
15
19
19
6
21
26
0
12
0
9
9
17
21
22
24
5
8
7
0
2
25
22
19
7
18
17
7
16
18
22
2
17
21
12
17
9
15
15
2
7
8
15
22
10
11
5
18
14
13
4
9
12
4
26
9
0
4
11
1
7
0
26
25
18
8
13
2
11
26
13
6
22
12
20
20
26
26
8
12
25
15
22
1
21
3
18
9
20
0
2
26
4
11
26
1
14
10
2
13
4
8
18
9
9
24
7
6
17
4
25
10
19
4
20
11
16
13
2
8
20
20
3
24
15
18
12
13
23
0
18
2
14
21
9
1
15
20
26
23
5
17
11
19
25
6
7
21
4
21
3
10
20
15
8
2
12
1
12
22
2
9
14
25
11
24
4
18
6
20
18
3
19
23
5
3
0
22
14
1
12
9
1
18
25
9
10
16
9
19
7
15
9
20
23
12
20
10
2
20
25
19
4
3
1
3
1
17
12
0
16
19
16
25
3
1
18
26
3
21
16
3
7
7
1
14
2
0
19
0
14
2
8
17
4
2
16
26
26
10
1
1
8
5
2
17
23
16
9
25
6
25
14
8
13
19
5
3
12
22
6
22
20
17
13
20
13
0
10
21
9
2
20
26
2
23
19
5
15
13
5
26
15
5
1
0
9
23
18
6
5
20
20
4
3
12
23
3
6
23
7
16
2
11
20
17
13
24
6
20
25
23
16
17
16
0
24
11
8
14
25
16
26
17
12
5
2
0
11
5
20
20
5
2
24
23
2
11
13
11
21
15
12
4
19
19
0
18
16
15
18
19
3
19
17
1
22
22
15
26
4
7
15
17
8
4
16
10
8
20
17
8
19
19
26
1
0
24
10
21
11
5
24
8
19
11
10
19
5
17
20
16
13
12
23
21
16
1
1
17
22
3
5
17
22
23
22
25
2
12
4
13
7
21
24
24
14
26
1
24
18
9
14
12
20
0
15
14
20
5
19
7
4
14
19
25
25
25
18
21
9
9
4
21
4
12
17
6
21
10
5
0
25
11
12
24
25
24
26
11
5
0
4
21
23
4
0
3
20
9
12
