1
4
7
1
25
1
25
6
3
9
4
0
24
3
0
6
5
7
3
26
15
15
14
1
11
9
19
10
5
2
20
22
22
7
11
5
7
4
11
22
13
9
7
9
8
15
26
0
8
5
2
5
21
13
5
19
9
8
21
18
25
21
10
19
14
13
24
0
24
8
3
3
5
0
16
13
15
23
5
5
21
12
18
10
15
19
26
20
23
12
20
5
23
12
1
17
24
15
11
9
20
25
8
6
1
9
18
7
12
2
2
18
23
21
6
13
2
15
18
18
26
22
7
1
16
20
24
19
8
10
25
1
19
17
5
11
25
16
14
15
9
14
24
13
13
14
11
16
4
6
4
0
8
3
21
7
8
21
11
17
7
4
17
0
21
17
25
26
25
2
19
6
10
13
4
5
17
12
1
23
25
4
0
13
20
14
7
5
18
26
16
22
7
9
3
9
5
2
17
10
3
12
21
12
23
25
12
12
23
5
7
18
23
18
5
9
9
10
4
12
26
21
10
22
7
11
1
3
25
18
19
9
7
25
8
20
10
18
17
6
8
8
12
4
7
13
3
9
15
15
7
17
7
16
13
25
6
15
1
18
7
20
1
4
20
22
3
24
17
6
9
18
3
1
17
4
19
4
13
13
8
2
2
18
12
14
12
4
9
26
20
10
6
12
1
5
24
21
7
3
5
11
5
8
12
8
17
19
8
1
2
6
23
22
5
7
18
10
9
14
23
20
7
19
9
9
9
21
18
24
16
10
3
12
9
19
26
8
25
10
23
5
5
5
0
8
26
25
26
8
18
26
18
0
19
14
12
20
14
16
17
3
16
7
22
9
9
2
11
6
8
26
17
25
15
13
16
10
7
25
17
15
21
17
6
18
23
24
2
22
20
0
25
9
7
1
9
21
6
11
9
8
1
19
16
12
16
14
4
14
26
4
1
25
9
24
26
23
12
11
14
16
3
21
23
0
10
4
3
17
0
16
15
3
20
18
26
0
18
7
0
4
5
11
11
25
19
25
14
4
12
5
9
10
26
15
2
0
15
10
0
14
5
9
14
4
12
21
19
7
23
4
5
22
20
1
9
20
8
24
18
23
22
10
11
14
18
23
10
5
6
0
14
18
26
26
12
10
16
18
