3
26
4
0
21
2
20
8
3
19
7
19
4
7
12
16
4
19
9
24
20
1
25
1
26
20
19
9
26
26
23
4
13
17
18
26
20
15
0
7
12
8
10
4
7
4
0
19
1
7
11
22
25
18
17
19
13
20
3
15
4
5
1
4
2
15
7
0
22
0
3
8
19
20
11
21
7
12
1
25
26
22
6
10
25
8
1
24
20
25
16
3
18
17
10
17
19
4
0
4
18
17
11
20
20
21
12
12
17
8
4
17
11
14
22
10
10
6
23
14
7
24
17
7
6
13
26
14
15
0
15
11
3
12
6
24
19
18
23
5
1
18
15
6
2
4
7
7
15
23
13
10
21
19
19
6
17
0
21
12
2
6
24
5
10
20
17
12
19
7
16
4
19
2
25
11
6
24
15
8
18
11
25
2
8
25
19
6
4
12
2
17
2
17
15
0
11
25
0
20
8
22
1
19
13
19
11
15
9
15
0
18
15
10
2
2
24
13
18
1
23
7
21
13
24
7
22
18
1
1
3
0
3
17
19
4
9
19
6
8
7
2
2
11
25
9
18
16
18
9
17
6
26
1
3
20
12
23
21
1
18
12
0
9
18
18
19
0
16
24
8
18
23
22
24
8
24
26
19
3
11
25
18
15
3
9
19
14
12
7
26
17
20
22
19
9
2
11
2
0
11
14
18
4
2
12
23
2
14
21
11
9
25
6
12
2
15
18
0
8
24
2
6
5
2
10
21
26
7
7
2
18
3
14
11
23
7
9
8
2
23
0
24
21
11
4
11
25
25
8
6
18
10
10
12
18
20
8
0
11
8
11
1
3
1
24
12
4
3
3
25
25
1
22
6
2
18
10
20
12
19
14
21
11
8
24
11
11
3
18
12
7
13
12
6
18
13
2
3
13
23
26
23
25
17
4
9
4
1
23
14
10
5
4
2
22
19
21
0
25
7
3
20
4
6
6
14
20
5
6
25
9
6
4
9
18
9
10
25
25
7
8
3
15
15
18
21
3
23
0
13
18
12
8
14
22
9
10
2
25
18
3
19
23
13
13
26
6
24
5
4
18
23
0
26
2
26
8
17
22
4
23
9
1
22
13
24
4
6
26
24
4
7
14
11
2
2
7
1
20
