7
18
15
24
2
25
18
1
3
18
11
4
22
20
13
20
18
4
22
19
26
12
16
16
19
26
21
10
13
6
10
11
3
19
23
4
16
12
5
4
9
18
10
12
2
1
0
20
15
11
19
15
10
0
19
23
3
7
18
25
11
17
19
17
21
20
3
16
21
8
12
17
5
23
24
1
6
15
8
4
22
4
22
16
0
17
18
11
11
19
24
7
15
8
11
0
18
25
7
3
14
1
5
1
6
7
21
18
7
12
17
24
4
12
12
17
15
19
7
1
17
22
14
3
17
2
8
8
0
0
10
7
17
21
0
24
3
3
2
19
6
9
23
24
21
10
25
20
14
22
18
18
13
11
12
14
2
24
22
9
20
3
15
11
18
3
17
21
20
24
22
21
3
10
16
22
24
14
7
20
23
20
10
25
15
7
4
17
26
14
22
8
26
19
6
4
20
16
16
24
15
18
8
1
22
25
10
8
15
2
26
16
10
13
9
0
5
14
6
19
20
8
2
1
24
12
5
2
13
10
21
2
2
21
10
0
3
17
7
13
24
9
13
13
1
9
26
8
2
10
17
1
21
2
4
17
23
26
17
6
3
24
12
26
5
15
14
4
11
20
22
24
17
10
12
14
5
16
3
14
18
13
15
24
1
8
24
15
11
6
2
15
23
23
2
19
19
6
1
2
25
17
13
24
20
12
16
19
17
23
11
8
10
22
22
15
5
23
5
1
23
4
16
19
23
10
25
2
16
2
8
23
10
16
12
25
15
18
14
5
13
1
16
12
4
12
7
1
12
0
9
2
9
7
26
15
19
18
13
14
20
19
4
25
15
14
18
10
11
14
23
21
20
9
25
21
20
21
16
11
16
6
4
19
17
1
11
8
20
8
8
20
25
23
1
0
3
10
2
18
26
7
6
20
7
14
21
5
2
23
18
18
3
8
6
12
4
12
17
17
18
19
18
8
17
24
22
15
0
23
4
16
8
15
10
17
26
7
5
5
12
0
0
2
21
25
3
12
2
13
9
21
4
2
18
11
17
8
9
8
6
6
23
17
2
10
23
6
19
2
10
2
20
18
12
4
24
24
18
26
25
22
8
18
0
19
3
19
24
21
26
12
6
6
20
9
13
18
12
26
