5
12
9
6
6
20
3
13
14
21
18
17
6
1
14
1
16
12
5
0
3
0
2
22
13
24
16
25
11
9
15
6
15
18
26
24
18
0
23
1
11
19
5
25
21
2
8
10
13
25
2
23
6
9
17
3
11
21
21
7
24
5
21
2
13
1
8
6
15
3
13
25
13
10
25
4
13
23
2
19
20
21
9
5
16
23
17
3
3
3
15
20
18
23
9
19
7
19
7
6
26
25
0
11
23
23
19
26
12
24
18
13
12
5
14
4
20
5
13
1
25
22
12
13
0
1
18
13
0
23
26
20
10
21
3
23
0
8
23
9
13
2
0
4
14
12
9
17
21
20
11
17
0
4
6
20
15
1
13
26
12
26
10
25
0
23
14
5
23
24
17
14
8
25
2
7
16
3
23
0
2
21
17
6
13
16
22
3
11
12
18
7
22
1
0
13
5
9
8
17
26
9
17
7
7
1
4
16
5
12
3
9
8
19
12
9
4
23
5
15
14
8
1
4
5
10
20
14
13
1
19
23
26
17
2
4
13
6
16
23
12
0
25
20
0
8
22
19
11
2
7
14
10
11
20
6
13
5
6
19
0
8
16
25
3
7
3
18
12
0
8
14
22
22
12
12
1
26
6
20
21
1
15
9
26
26
9
17
26
16
19
24
6
25
7
11
23
19
3
17
16
12
18
0
11
20
19
22
7
7
11
16
16
16
17
11
18
0
1
24
20
26
16
24
13
13
0
24
3
7
16
15
0
25
17
14
9
19
22
26
16
20
2
26
17
24
16
14
6
14
17
14
5
18
12
15
19
19
24
7
9
7
10
2
6
3
4
21
18
23
10
11
14
25
10
19
7
15
7
3
0
12
7
9
11
9
10
3
13
0
1
2
20
4
25
26
9
6
21
15
6
22
5
20
4
19
11
13
25
15
8
26
19
14
15
8
1
7
3
4
12
7
15
6
19
11
4
26
22
14
2
8
4
17
1
4
11
4
26
14
5
0
21
5
22
3
10
4
20
14
25
11
22
12
14
19
0
2
15
15
6
8
14
18
20
2
12
1
26
4
9
8
23
12
23
14
25
7
3
23
20
4
20
22
15
4
21
26
5
5
0
15
13
13
17
20
0
9
18
18
