3
21
5
9
18
25
15
2
22
5
1
13
17
5
1
11
4
4
2
18
16
12
16
12
17
5
6
4
1
14
15
11
21
9
12
19
21
10
0
1
26
13
15
19
20
21
12
18
1
11
16
6
8
21
10
5
7
7
21
14
25
10
7
11
25
14
19
10
14
10
18
0
24
5
8
21
19
9
25
20
1
4
21
26
8
2
18
2
1
12
22
16
8
1
22
10
20
17
8
24
25
24
16
15
14
0
13
19
7
14
5
14
25
25
22
21
8
9
2
26
1
23
20
8
4
11
5
4
23
14
14
5
0
18
6
2
3
10
13
15
6
6
26
16
2
20
4
8
26
4
22
8
5
4
19
20
2
13
2
2
6
25
23
19
26
17
16
5
13
2
26
26
7
2
12
23
8
9
22
16
22
21
2
23
15
15
11
0
15
18
7
5
16
5
21
22
18
10
17
0
15
1
17
22
15
2
26
13
9
24
15
14
26
5
11
3
7
17
20
1
2
19
14
23
1
20
18
16
2
10
25
26
22
26
9
2
1
1
13
16
6
23
4
10
15
8
23
20
25
6
20
20
20
5
2
22
25
16
4
24
18
5
17
1
7
11
10
20
8
26
13
1
13
8
5
13
19
20
2
1
26
12
24
23
9
0
7
10
24
9
20
3
2
23
18
10
23
3
16
4
0
15
9
16
0
12
0
12
9
22
22
15
5
26
14
15
9
5
11
14
3
11
25
22
5
10
22
14
8
15
1
24
4
0
26
20
10
24
19
4
22
3
4
17
23
13
16
12
16
5
3
26
18
17
13
10
17
5
24
13
1
13
12
22
10
22
22
14
21
1
15
20
0
2
11
24
21
19
14
20
20
15
25
24
23
12
6
14
10
4
11
8
14
12
25
17
21
2
12
0
19
13
3
21
18
7
23
20
7
6
21
20
14
14
5
17
22
18
17
1
14
12
2
9
1
0
22
10
5
25
1
13
23
10
10
3
6
15
18
24
14
24
9
18
26
24
3
3
3
6
22
18
20
11
22
22
6
18
4
1
11
18
10
18
5
24
11
6
20
1
4
4
12
0
13
0
0
12
10
5
2
19
8
15
6
10
2
17
1
21
2
22
1
12
2
16
20
9
5
6
