19
23
19
5
1
21
6
26
9
11
11
1
4
17
7
13
18
6
4
13
24
24
14
15
14
20
10
2
24
22
13
19
26
15
0
4
10
18
9
4
26
19
12
3
10
25
24
12
6
19
26
11
5
9
25
0
8
7
20
25
11
24
25
6
1
23
15
24
11
7
4
10
10
15
14
10
25
24
21
17
12
23
0
20
7
24
16
8
16
5
6
1
7
26
14
2
26
22
5
7
13
24
20
1
25
6
10
6
13
14
16
20
1
21
19
4
17
10
12
9
20
1
17
11
3
7
17
9
25
7
0
3
12
18
13
0
17
13
4
23
1
5
26
15
4
4
16
2
20
20
25
13
19
10
6
20
18
16
6
8
20
24
21
1
8
8
15
4
18
20
26
16
9
14
4
17
6
17
1
10
24
16
2
20
19
1
12
24
25
17
25
25
4
23
24
19
0
6
4
0
20
15
11
25
25
26
8
5
6
21
2
24
14
23
5
5
4
2
21
0
6
24
9
23
3
5
22
14
15
16
21
4
3
11
19
5
19
14
12
1
2
10
7
8
10
22
21
14
19
15
12
24
25
2
25
24
25
23
26
2
15
23
7
16
24
3
5
25
1
9
14
5
24
0
23
10
15
0
15
7
16
15
8
24
5
1
15
16
10
10
20
13
21
17
0
18
17
15
20
23
21
24
24
10
4
21
4
17
6
0
7
4
6
25
5
9
26
11
14
8
3
9
18
1
8
8
8
1
3
14
15
13
19
2
3
12
14
0
14
7
2
3
2
23
23
16
6
12
26
14
2
26
20
3
15
22
13
10
24
17
7
8
11
21
24
25
6
4
12
14
12
5
17
16
22
25
23
7
11
1
0
5
26
24
17
2
18
11
4
23
10
0
12
2
20
7
23
9
4
26
20
14
9
11
6
11
0
13
18
3
7
11
18
11
26
6
18
8
24
23
16
15
15
3
17
25
9
15
25
12
17
3
16
13
2
25
0
12
26
0
4
9
10
1
2
10
7
7
13
26
0
26
4
21
1
11
4
4
17
21
1
3
11
11
11
1
8
22
19
15
23
21
10
5
5
3
10
18
18
11
2
2
18
12
12
21
3
2
13
16
18
23
10
3
13
22
13
16
20
15
