8
7
11
1
25
14
21
14
9
4
19
8
26
13
4
23
22
13
13
12
3
1
11
5
26
17
9
24
17
15
24
22
12
9
15
24
8
2
1
8
18
0
10
0
13
5
19
7
6
8
7
10
21
12
10
3
7
23
2
24
10
23
25
18
15
22
6
0
24
17
5
6
19
13
24
18
14
10
25
7
16
25
16
3
16
24
17
10
12
26
21
26
23
5
9
10
25
19
20
3
5
17
21
22
22
25
6
25
21
23
18
6
25
8
4
24
3
25
16
4
16
0
8
26
22
10
26
13
8
6
12
13
10
21
6
12
3
10
2
16
4
26
19
8
7
2
3
25
26
11
18
5
16
14
26
13
26
0
5
12
6
12
23
26
7
16
26
14
12
26
5
2
26
10
15
4
14
3
3
21
23
21
8
14
14
19
8
21
20
4
2
12
10
3
15
0
20
12
24
25
12
20
16
15
2
4
3
12
21
9
18
23
1
21
6
24
22
12
10
2
18
7
10
11
18
0
4
1
16
12
19
5
11
4
9
17
13
25
20
9
25
17
24
18
11
24
19
25
15
15
15
10
5
11
14
8
15
7
21
23
5
1
10
4
1
5
20
24
6
6
12
6
23
22
2
15
11
7
19
8
20
21
14
0
22
17
5
8
3
9
12
14
0
11
18
6
19
15
23
6
21
15
17
20
6
17
23
0
22
24
19
11
9
10
11
4
22
0
18
1
21
9
14
10
3
20
18
8
14
4
13
8
3
15
2
12
25
9
10
20
10
24
3
11
4
0
4
7
15
22
12
18
16
6
22
4
16
20
17
23
15
2
19
19
16
6
8
21
6
22
9
15
0
2
16
3
1
15
0
13
7
10
17
22
5
4
17
14
19
1
12
9
6
19
8
11
18
3
22
13
3
21
8
1
22
14
26
6
19
4
20
0
1
3
19
13
4
3
24
17
0
11
4
10
9
19
6
11
14
11
18
3
13
8
8
16
8
24
1
0
7
17
12
12
19
12
7
25
21
21
6
14
13
5
10
13
20
16
21
3
4
16
20
7
11
9
26
0
17
10
1
22
15
24
15
17
15
3
19
2
12
3
21
6
12
5
6
16
1
26
13
1
21
6
9
5
26
16
24
5
