18
16
22
2
9
26
18
16
18
1
8
18
24
8
9
14
20
11
7
4
21
1
16
7
5
18
3
22
24
12
8
5
18
8
2
6
6
21
15
1
24
7
26
7
26
13
14
21
12
6
17
18
18
0
24
19
22
13
4
16
13
7
12
14
17
6
26
21
25
23
8
4
1
4
2
24
26
22
5
4
4
14
25
19
7
18
14
17
2
19
21
9
26
22
22
14
18
14
8
8
11
14
16
23
19
19
8
26
3
24
15
12
3
6
10
3
13
15
5
6
5
14
23
0
22
25
22
16
23
20
22
16
17
6
19
9
25
19
10
10
22
4
6
8
22
4
13
3
19
18
1
25
25
23
11
2
8
12
26
18
17
10
3
17
10
18
8
24
14
3
13
12
22
10
13
6
23
25
18
7
7
23
2
17
17
9
17
20
23
14
2
23
6
20
6
3
12
11
25
18
6
12
24
7
24
19
3
8
20
4
1
14
23
24
12
10
23
17
24
2
10
7
15
23
2
7
11
14
16
0
5
0
21
9
16
14
20
8
11
3
12
4
7
24
5
24
0
8
1
16
13
16
8
24
20
12
22
4
14
16
13
22
2
20
0
17
3
15
5
8
22
16
6
0
9
6
21
14
8
1
21
9
13
0
21
2
0
26
10
9
0
9
8
18
12
6
25
2
23
12
2
13
2
26
21
6
12
26
18
20
1
15
16
5
24
13
19
4
25
21
11
9
26
15
9
24
12
3
1
26
10
16
21
0
22
9
6
12
22
15
18
2
13
10
23
1
25
17
24
2
2
22
1
4
0
5
3
26
4
1
17
15
12
13
12
20
2
1
0
7
6
8
8
7
5
25
13
0
9
5
8
1
22
1
19
25
16
0
13
25
4
2
8
6
3
5
3
13
17
13
3
5
8
12
17
23
22
2
14
26
14
16
3
1
12
11
13
12
0
5
21
23
26
4
18
6
19
16
11
12
10
10
6
20
21
1
25
12
26
26
6
8
21
10
10
13
0
16
6
0
18
0
11
14
16
1
18
22
4
1
3
22
5
3
20
21
14
1
4
14
11
25
3
0
4
26
7
4
11
3
13
4
23
4
4
12
24
16
8
2
10
5
17
2
24
19
0
25
22
9
